[[8.66223711e+11 1.96707031e+11 1.49845445e+10 6.01076058e+10
  4.86219560e+11 1.57547539e+11 1.38272720e+12 8.16349090e+12
  7.23112033e+12 9.52355363e+11 4.47737927e+12 8.72295466e+12
  3.87065002e+12 9.30824998e+10 1.46197406e+12 7.05024501e+11
  2.53809388e+10 9.24197436e+09 3.17045253e+11 8.51986663e+11]
 [3.67543354e+11 4.43906623e+10 8.92970068e+09 2.74605604e+10
  1.44550256e+11 7.02841512e+10 1.78716933e+12 5.77186358e+12
  3.63792795e+12 1.35389284e+12 3.43138998e+12 4.42682419e+12
  1.75658737e+12 6.82320141e+11 1.27366466e+12 3.16178810e+11
  3.25714950e+09 3.78677343e+09 1.53399768e+11 3.56833107e+11]
 [3.02002634e+10 1.26765392e+09 5.14360279e+09 2.84006190e+10
  1.42139784e+11 1.77303390e+11 6.27527103e+11 5.65332969e+11
  9.32788563e+11 2.14366595e+12 6.18443869e+12 4.37342433e+12
  6.84384676e+11 1.81098555e+11 2.54517957e+11 1.46147256e+11
  1.47378694e+09 6.88776447e+09 7.92538819e+10 3.73891713e+10]
 [2.50847262e+10 1.50740239e+09 2.20657775e+10 1.03197621e+11
  4.94240132e+11 1.27456550e+12 2.04799389e+12 2.46413002e+11
  2.71829077e+12 1.16006204e+13 2.72931331e+13 1.56908354e+13
  2.56198570e+12 2.80971490e+11 5.58251632e+11 4.52610919e+11
  1.49543883e+10 3.85558687e+10 2.43631432e+11 4.13618742e+10]
 [1.11644328e+11 4.15223220e+10 3.08277224e+11 1.17053449e+12
  6.20109175e+12 2.20409307e+13 2.56434391e+13 4.35048316e+11
  3.28767602e+13 1.70364015e+14 3.38776100e+14 1.72926662e+14
  3.50546229e+13 2.91034550e+12 6.17416600e+12 4.98826538e+12
  3.85930512e+11 5.95305301e+11 2.53251770e+12 1.98211830e+11]
 [1.63298259e+11 3.35429171e+11 7.98905699e+11 2.44702142e+12
  1.50510442e+13 6.11784227e+13 6.96461258e+13 1.86435984e+13
  8.71467332e+13 4.23834017e+14 7.27618067e+14 3.48983358e+14
  9.37008347e+13 1.95744852e+13 1.93017583e+13 1.10254871e+13
  1.32068270e+12 1.52783251e+12 5.16079857e+12 2.35055727e+11]
 [2.18978288e+11 1.39060742e+12 7.82602238e+11 1.55779742e+12
  1.05965593e+13 5.16975416e+13 9.78447410e+13 8.56584168e+13
  1.12901615e+14 3.22861289e+14 4.41750750e+14 2.17797822e+14
  1.01008477e+14 7.31307195e+13 3.81739803e+13 9.06903950e+12
  1.11755648e+12 1.08189482e+12 3.83190742e+12 2.33928557e+11]
 [4.16984437e+11 3.15133601e+12 5.98238456e+11 1.89025880e+11
  2.38490587e+11 2.03033583e+13 1.24022136e+14 1.62972599e+14
  1.33811318e+14 9.84382352e+13 4.62850596e+12 3.41569003e+13
  9.08724458e+13 1.43725438e+14 5.93837297e+13 5.11634099e+12
  8.92885975e+10 5.96079072e+10 1.83816564e+12 3.92403834e+11]
 [7.04716864e+11 4.23365661e+12 2.06188610e+12 3.99359492e+12
  3.32245639e+13 1.51621301e+14 2.19563081e+14 1.58936066e+14
  2.79348909e+14 8.85160062e+14 1.11886815e+15 5.23919764e+14
  2.71205638e+14 1.61112371e+14 7.95769965e+13 2.34706937e+13
  3.92807413e+12 3.22176568e+12 9.11359433e+12 7.76297471e+11]
 [8.24232894e+11 3.76521996e+12 5.16041005e+12 1.27647023e+13
  1.14145548e+14 4.55236830e+14 3.70864985e+14 6.82770563e+13
  5.37927563e+14 2.69196462e+15 3.68241580e+15 1.62890090e+15
  6.42134933e+14 1.07980551e+14 9.37027296e+13 6.39266308e+13
  1.35019837e+13 1.08144942e+13 2.50196731e+13 1.22820153e+12]
 [7.40147273e+11 2.93013483e+12 6.78427643e+12 1.75869324e+13
  1.58100426e+14 6.18190980e+14 4.41338278e+14 2.99119938e+12
  6.62905038e+14 3.67204346e+15 5.10282143e+15 2.23912407e+15
  8.32789958e+14 6.15852525e+13 9.55452080e+13 8.55058827e+13
  1.86579813e+13 1.49560559e+13 3.36251728e+13 1.32396060e+12]
 [5.75414372e+11 2.79456886e+12 5.00629251e+12 1.28927287e+13
  1.11402155e+14 4.44199943e+14 3.49632966e+14 3.67750800e+13
  5.05731315e+14 2.66986811e+15 3.76446169e+15 1.66454161e+15
  6.14333895e+14 7.66849422e+13 8.29934730e+13 6.27069494e+13
  1.29513924e+13 1.06833727e+13 2.50429718e+13 9.23550792e+11]
 [3.71767059e+11 2.55470114e+12 1.96018041e+12 4.46720377e+12
  3.51061177e+13 1.52750548e+14 1.86318778e+14 1.02710366e+14
  2.38549307e+14 9.30291791e+14 1.29489576e+15 5.96126407e+14
  2.47329869e+14 1.04437562e+14 6.10366579e+13 2.34609107e+13
  3.95856087e+12 3.46446541e+12 9.56281344e+12 4.43898657e+11]
 [2.30578062e+11 1.52536814e+12 4.11508140e+11 3.12248498e+11
  1.53633497e+12 1.69478531e+13 7.99879299e+13 1.03806182e+14
  8.41735361e+13 9.41692101e+13 6.17512383e+13 4.85352302e+13
  5.92074917e+13 8.38976508e+13 3.76919723e+13 3.91784997e+12
  1.90000343e+11 1.74828688e+11 1.53959669e+12 2.20718408e+11]
 [1.96470327e+11 4.80285999e+11 2.55523264e+11 4.22707426e+11
  2.34012512e+12 1.34207204e+13 4.17539162e+13 4.92066853e+13
  4.41111757e+13 8.68919836e+13 1.12010509e+14 6.28840283e+13
  3.37867336e+13 3.53449379e+13 1.85282402e+13 2.94309028e+12
  2.15368028e+11 2.45192236e+11 1.30094103e+12 1.97278442e+11]
 [1.32301343e+11 6.06633352e+10 1.86369082e+11 6.39521626e+11
  3.34827978e+12 1.24326102e+13 1.89002939e+13 8.68570433e+12
  2.26576481e+13 9.51559272e+13 1.82730423e+14 9.49605487e+13
  2.18015149e+13 6.39149279e+12 5.97921322e+12 2.90729737e+12
  2.09465609e+11 3.22534326e+11 1.46099200e+12 1.74687040e+11]
 [2.45053196e+10 1.42592974e+09 2.33268253e+10 1.10071962e+11
  5.27686679e+11 1.35575539e+12 2.12311865e+12 1.38495104e+11
  2.83765474e+12 1.23500822e+13 2.91426939e+13 1.67288337e+13
  2.70130943e+12 2.47060540e+11 5.60569953e+11 4.80060248e+11
  1.59594427e+10 4.11532491e+10 2.58641372e+11 4.20217187e+10]
 [2.49823238e+10 8.39668019e+08 9.64961726e+09 6.14962851e+10
  3.13113908e+11 3.66650120e+11 9.05889826e+11 5.75105289e+10
  1.46801914e+12 4.49592544e+12 1.36443806e+13 9.40011136e+12
  1.23496304e+12 8.03430280e+10 2.64088362e+11 2.88523463e+11
  3.22205548e+09 1.50972251e+10 1.58736522e+11 4.33315080e+10]
 [3.11377322e+11 3.24190388e+10 3.07120027e+10 2.46116442e+11
  1.60896380e+12 4.14605824e+11 2.95774161e+12 2.65662438e+12
  7.22787855e+12 8.91917010e+12 3.90387476e+13 3.66139020e+13
  5.18847231e+12 4.13622877e+11 1.32274064e+12 1.38966739e+12
  3.27615675e+10 3.93812923e+10 7.32124228e+11 4.20796566e+11]
 [8.51986663e+11 1.90974970e+11 1.85514840e+10 9.91106382e+10
  8.63227631e+11 2.26777992e+11 1.47712991e+12 7.68226542e+12
  7.96561104e+12 1.41911870e+12 8.00904626e+12 1.40005048e+13
  4.62164762e+12 8.91022373e+10 1.46798740e+12 9.30894887e+11
  4.35232303e+10 1.60300815e+10 4.28456230e+11 8.68200214e+11]]