[[2.54483328e+12 5.56766293e+11 4.37462323e+10 1.91850870e+11
  1.65188187e+12 5.16795284e+11 4.17993846e+12 2.32836994e+13
  2.06684742e+13 2.92439667e+12 1.49945248e+13 2.93170609e+13
  1.20899556e+13 2.70139587e+11 4.13933950e+12 2.08967243e+12
  8.25531266e+10 3.14171018e+10 1.02370467e+12 2.53598583e+12]
 [2.31518099e+12 2.33268502e+11 2.95402271e+10 3.55483566e+10
  3.43252670e+11 3.78944669e+11 1.14315381e+13 3.34187278e+13
  1.51793049e+13 2.63734564e+12 4.84145840e+12 1.92464776e+13
  1.09736196e+13 4.20985986e+12 6.26811443e+12 8.96231876e+11
  3.74416714e+09 1.15151067e+10 8.86684898e+11 2.27413578e+12]
 [2.51573924e+11 9.56743561e+09 6.15472173e+09 1.47969610e+09
  2.70154222e+10 2.26142231e+11 3.16106333e+12 6.33915312e+12
  2.46590566e+12 5.73193323e+11 2.44971223e+11 3.00172987e+12
  2.01673708e+12 1.84666011e+12 1.38529693e+12 1.11358355e+11
  1.81194867e+07 2.19242783e+09 1.35456740e+11 2.46655018e+11]
 [1.73378282e+11 1.18285891e+10 1.47939502e+10 1.66742924e+10
  9.01754502e+10 7.13259253e+11 5.36869910e+12 8.46361720e+12
  4.00971269e+12 2.94956830e+12 3.82411896e+12 5.41442542e+12
  3.32595130e+12 3.85623878e+12 2.24167814e+12 2.12045647e+11
  2.11403450e+09 8.57579751e+09 1.78234205e+11 1.70740741e+11]
 [2.67390323e+11 1.56983218e+11 1.80164621e+11 3.95868460e+11
  1.79206956e+12 7.58397417e+12 2.28235652e+13 3.03308036e+13
  3.00805095e+13 6.71499191e+13 1.00684487e+14 5.26990801e+13
  1.81841388e+13 1.70865789e+13 1.21405994e+13 2.47678157e+12
  1.23357908e+11 1.72700541e+11 9.64888656e+11 2.71322266e+11]
 [2.78054013e+09 3.40419932e+11 6.35685171e+11 1.56025658e+12
  7.82644426e+12 2.36160402e+13 1.03938696e+13 1.10913105e+13
  7.75135684e+13 2.93074169e+14 4.11675381e+14 1.55287909e+14
  2.48470830e+13 2.96836491e+11 1.92229308e+13 8.33515620e+12
  8.08632736e+11 7.57221572e+11 1.80775884e+12 1.81816857e+10]
 [3.66746744e+11 2.77808427e+12 1.44880606e+12 2.51007879e+12
  1.53075800e+13 7.13095321e+13 1.49215343e+14 1.64512517e+14
  2.19536597e+14 5.48873478e+14 6.62946241e+14 3.02568635e+14
  1.44392147e+14 1.29045873e+14 7.63068969e+13 1.63129105e+13
  1.75487111e+12 1.53765924e+12 5.31083452e+12 3.73502603e+11]
 [2.08959404e+12 1.34364233e+13 2.53543894e+12 1.74346724e+12
  1.54348824e+13 1.82480790e+14 6.88476126e+14 7.30761224e+14
  5.51387417e+14 5.36495205e+14 4.48856836e+14 4.65712072e+14
  5.79539250e+14 6.89944278e+14 2.48567955e+14 2.26925026e+13
  1.37784181e+12 1.82195716e+12 1.43192471e+13 2.05870601e+12]
 [5.51018422e+12 2.84479637e+13 3.56861379e+12 3.79381239e+11
  1.11127017e+13 3.09440208e+14 1.30572948e+15 1.34802761e+15
  9.23512384e+14 3.90661240e+14 8.39347850e+13 6.04534489e+14
  1.11147704e+15 1.36770644e+15 4.37442399e+14 2.72879857e+13
  1.09327155e+11 1.77909079e+12 2.40248946e+13 5.40268956e+12]
 [6.58605332e+12 3.08484858e+13 4.11527580e+12 1.35382917e+12
  1.85881406e+13 3.37842515e+14 1.30683644e+15 1.32997682e+15
  9.95931150e+14 6.18074324e+14 3.32255102e+14 6.81261179e+14
  1.15555157e+15 1.38126694e+15 4.45502641e+14 3.34209984e+13
  1.10539066e+12 2.45658101e+12 2.49069367e+13 6.46785869e+12]
 [3.16035137e+12 1.68449296e+13 3.98069694e+12 4.58188533e+12
  3.75428644e+13 2.47017816e+14 6.53406691e+14 6.61765208e+14
  7.15020652e+14 1.19813632e+15 1.16438416e+15 6.76687591e+14
  6.36871689e+14 6.62167762e+14 2.61733432e+14 3.95527828e+13
  4.52146220e+12 3.76379184e+12 1.61891968e+13 3.14508756e+12]
 [2.42318050e+11 4.31587783e+12 3.32459440e+12 6.33656350e+12
  4.48253343e+13 1.46367546e+14 9.97189690e+13 9.76895768e+13
  4.14675139e+14 1.44694494e+15 1.63382673e+15 5.95985592e+14
  1.77991432e+14 5.91321358e+13 9.66822581e+13 3.84370404e+13
  6.08766601e+12 4.13421528e+12 7.88775272e+12 2.93105073e+11]
 [2.47409163e+11 3.43144346e+12 2.42256721e+12 4.60732861e+12
  3.04708982e+13 1.08659559e+14 1.10860445e+14 1.13967234e+14
  3.15968989e+14 1.02882971e+15 1.20474574e+15 4.61500143e+14
  1.53894464e+14 8.10058655e+13 8.37045234e+13 2.79051460e+13
  3.94140213e+12 2.89664030e+12 6.49384791e+12 2.71872607e+11]
 [8.39328943e+11 5.03788901e+12 1.47956070e+12 1.67629405e+12
  1.14005267e+13 9.06777409e+13 3.14784043e+14 3.50257914e+14
  2.84108384e+14 4.13521528e+14 4.40327697e+14 3.03837249e+14
  2.58112360e+14 2.95926823e+14 1.24382483e+14 1.48491905e+13
  1.14032503e+12 1.25135983e+12 7.63304350e+12 8.31885295e+11]
 [1.35423177e+12 2.76952644e+12 6.80718305e+11 2.05157564e+11
  2.34509679e+12 5.02344413e+13 2.69010980e+14 3.23909592e+14
  1.74244118e+14 9.36542251e+13 5.10284489e+13 1.57432207e+14
  1.87844301e+14 2.44729354e+14 9.63738025e+13 6.03852819e+12
  7.63139291e+10 3.52378820e+11 5.71795990e+12 1.32902635e+12]
 [1.10897030e+12 4.77959181e+11 1.90267829e+11 4.04023525e+10
  5.61847445e+11 1.29393015e+13 8.53461388e+13 1.14777641e+14
  5.30498956e+13 2.26378338e+13 9.26683987e+12 5.32834318e+13
  5.42394195e+13 7.10422652e+13 3.15852335e+13 1.88547066e+12
  6.44227280e+09 8.66051992e+10 2.05039009e+12 1.08761559e+12]
 [1.49772887e+11 1.04623729e+10 1.46894401e+10 2.12760556e+10
  1.04598652e+11 6.68006971e+11 4.67214090e+12 7.35905955e+12
  3.74141962e+12 3.39313903e+12 4.90766386e+12 5.40664568e+12
  2.94691900e+12 3.33063949e+12 2.01044821e+12 2.19845425e+11
  2.77992655e+09 9.39561478e+09 1.63028494e+11 1.47844609e+11]
 [3.89917274e+10 2.39053314e+09 5.78128318e+09 2.36343148e+10
  1.00744834e+11 1.20607270e+11 5.80078737e+11 1.14150591e+12
  1.26287378e+12 1.96538369e+12 4.61529631e+12 2.96405513e+12
  5.18880304e+11 2.85010116e+11 4.30742624e+11 1.51814818e+11
  1.17642305e+09 4.78359910e+09 5.49374205e+10 4.04602021e+10]
 [2.69409669e+10 3.25161525e+10 2.77350062e+10 1.81919113e+11
  9.74753780e+11 1.87032329e+11 5.77969100e+11 1.53373603e+12
  7.11021232e+12 7.11487297e+12 2.57016381e+13 1.90052372e+13
  1.63712475e+12 4.52141016e+10 1.37326517e+12 1.20126564e+12
  2.32921209e+10 2.27498880e+10 3.00412227e+11 5.46496826e+10]
 [1.96480687e+12 4.60645270e+11 4.34506201e+10 2.17959948e+11
  1.81445959e+12 4.78208755e+11 3.30463468e+12 1.83582766e+13
  1.90175676e+13 3.20065166e+12 1.70635131e+13 2.92775060e+13
  1.00468553e+13 2.08447915e+11 3.53956752e+12 2.15385392e+12
  9.45731798e+10 3.35596480e+10 9.10840577e+11 1.97338727e+12]]