[[2.09429834e+12 4.28877371e+11 3.42522281e+10 1.65502481e+11
  1.54212319e+12 4.76913115e+11 3.56658587e+12 1.82849605e+13
  1.58835224e+13 2.41618513e+12 1.36907874e+13 2.74771360e+13
  1.06875142e+13 2.18434535e+11 3.17322047e+12 1.66170116e+12
  7.27652024e+10 2.94881802e+10 9.32963289e+11 2.12343227e+12]
 [1.96615630e+12 1.15042716e+11 8.43757796e+09 6.84172256e+10
  1.12592474e+12 6.40054617e+11 1.17207721e+13 2.08407445e+13
  5.01286691e+12 1.75217099e+12 1.94442261e+13 4.12645993e+13
  1.35867794e+13 3.23271616e+12 2.70425013e+12 2.84251824e+11
  1.11930637e+10 3.25159344e+10 1.34011527e+12 2.11661008e+12]
 [2.32520107e+11 4.44431224e+09 2.93140009e+08 7.98036353e+09
  1.59449595e+11 4.57427333e+11 3.61219496e+12 4.05523631e+12
  4.98710989e+11 1.62842791e+11 4.55226993e+12 8.25222164e+12
  2.84580467e+12 1.51971007e+12 5.19192596e+11 2.74449820e+08
  6.17516700e+08 9.32383761e+09 2.40080795e+11 2.52892389e+11]
 [1.83497093e+11 6.91705990e+09 3.82434956e+09 1.82689154e+10
  2.30946909e+11 1.36981882e+12 6.82431286e+12 6.46845958e+12
  1.39664097e+12 1.38403272e+12 8.96429738e+12 1.20502100e+13
  5.00993517e+12 3.68234331e+12 1.11510964e+12 5.56178927e+10
  3.30580222e+09 2.13883058e+10 3.15653892e+11 1.97854281e+11]
 [4.02563129e+11 1.77151342e+11 1.36535727e+11 2.68838278e+11
  1.49913945e+12 8.93788743e+12 3.43030200e+13 3.99757965e+13
  2.62041138e+13 4.55440150e+13 7.54297559e+13 5.40456093e+13
  2.55946470e+13 2.50221499e+13 1.25273137e+13 1.78024597e+12
  8.56273010e+10 1.54350054e+11 1.21647775e+12 4.11793437e+11]
 [1.31608996e+11 9.38323070e+11 7.01874756e+11 9.99315802e+11
  2.81707665e+12 3.16771334e+12 1.29078527e+13 7.04399995e+13
  1.12912512e+14 2.30432221e+14 1.90465581e+14 3.34736670e+13
  4.33562516e+12 3.21701533e+13 4.06718180e+13 8.13886567e+12
  4.65455744e+11 2.34215623e+11 1.93696945e+11 9.38776579e+10]
 [3.25018935e+11 3.03440914e+12 1.38902791e+12 1.88212462e+12
  8.92812303e+12 3.79024194e+13 1.10095039e+14 1.74394491e+14
  2.26976582e+14 4.56185838e+14 4.24856921e+14 1.60509915e+14
  8.91791464e+13 1.23719283e+14 8.27065839e+13 1.49379589e+13
  1.24659011e+12 8.60564062e+11 2.91001398e+12 3.03899821e+11]
 [1.73182117e+12 7.45044111e+12 1.19964082e+12 2.18256976e+12
  3.10481684e+13 2.62367063e+14 6.67123765e+14 4.75218638e+14
  2.54593773e+14 4.11164567e+14 8.87842788e+14 7.82421779e+14
  6.56127474e+14 5.26882284e+14 1.27704055e+14 1.18789490e+13
  2.14185683e+12 3.50163636e+12 1.89699604e+13 1.84047692e+12]
 [4.90641314e+12 1.30708726e+13 3.26972707e+11 2.00910193e+12
  6.25517046e+13 5.99986280e+14 1.43335227e+15 8.39104112e+14
  2.04510231e+14 1.57556351e+14 1.40391608e+15 1.59306749e+15
  1.50445352e+15 1.08690109e+15 1.64884322e+14 1.77411144e+12
  2.86612708e+12 7.24250876e+12 4.08204882e+13 5.32797859e+12]
 [6.53667426e+12 1.58440381e+13 5.06746924e+11 2.38011586e+12
  7.24518901e+13 6.83014048e+14 1.58782149e+15 9.25556037e+14
  2.52183755e+14 2.20936704e+14 1.56804046e+15 1.74488936e+15
  1.70770822e+15 1.22577953e+15 1.87957093e+14 3.42764432e+12
  3.48732256e+12 8.25785691e+12 4.50548794e+13 7.09010264e+12]
 [3.91105009e+12 1.36657339e+13 2.18804285e+12 3.47943053e+12
  4.88486250e+13 3.86782580e+14 9.05975416e+14 6.47704220e+14
  4.37513673e+14 7.31762035e+14 1.26522402e+15 1.02794532e+15
  9.55019656e+14 7.62603252e+14 1.91874018e+14 2.16622593e+13
  3.90006112e+12 5.24550173e+12 2.52582435e+13 4.12946339e+12]
 [8.68864949e+11 9.31703876e+12 3.37551080e+12 4.03782060e+12
  2.05712350e+13 6.81127418e+13 1.74894807e+14 3.19195916e+14
  5.40214186e+14 1.08776119e+15 8.39901692e+14 2.52964256e+14
  1.49814607e+14 2.44040185e+14 1.72147411e+14 3.49290150e+13
  3.58844538e+12 1.81532649e+12 4.17554046e+12 7.75261648e+11]
 [3.19881314e+11 5.89413005e+12 2.60974913e+12 3.15785787e+12
  1.23246527e+13 2.15936595e+13 6.43887516e+13 2.18746994e+14
  4.09910425e+14 8.44733633e+14 6.12770566e+14 1.22170396e+14
  3.84479060e+13 1.34661242e+14 1.31218016e+14 2.73802355e+13
  2.45159279e+12 1.02512128e+12 1.19969198e+12 2.48381373e+11]
 [6.87228858e+11 3.38593000e+12 1.00480972e+12 1.59817919e+12
  1.37933595e+13 1.01073264e+14 2.82863986e+14 2.51630048e+14
  1.84375525e+14 3.36989604e+14 5.05869060e+14 3.59374548e+14
  2.54205606e+14 2.31208347e+14 8.16818828e+13 1.05851687e+13
  1.17233907e+12 1.52031647e+12 8.18339059e+12 7.12325721e+11]
 [1.16742678e+12 1.31617943e+12 1.39275093e+11 5.37836774e+11
  9.64269433e+12 8.99855959e+13 2.82771696e+14 2.00514255e+14
  4.90948016e+13 5.48152013e+13 3.21707027e+14 3.69608414e+14
  2.40871005e+14 1.89610668e+14 3.90273954e+13 1.30918527e+12
  3.76975100e+11 1.16714100e+12 9.07315741e+12 1.26186005e+12]
 [1.04759085e+12 2.27080322e+11 1.03161903e+10 1.47784279e+11
  3.03106674e+12 2.64046835e+13 9.95445733e+13 7.50899832e+13
  1.10501254e+13 6.34492765e+12 1.08697152e+14 1.45647081e+14
  7.79167028e+13 5.97753451e+13 1.21128635e+13 2.18138129e+10
  7.15012530e+10 3.52749380e+11 3.68148325e+12 1.13912312e+12]
 [1.65404773e+11 6.70454000e+09 5.12999546e+09 1.98360461e+10
  2.12986497e+11 1.22222515e+12 6.09746276e+12 6.00916892e+12
  1.57364658e+12 1.77465849e+12 8.56998930e+12 1.08306780e+13
  4.45989787e+12 3.34380152e+12 1.12003816e+12 7.88127629e+10
  3.38625701e+09 1.94991073e+10 2.81124078e+11 1.77453481e+11]
 [6.95867984e+10 3.32791892e+09 4.95851389e+09 1.55251199e+10
  6.76384516e+10 1.13217260e+11 9.18968589e+11 1.89398126e+12
  1.29240792e+12 1.38886021e+12 2.96188406e+12 2.34642599e+12
  6.72171731e+11 5.13841534e+11 5.39538325e+11 1.20583316e+11
  7.57465920e+08 3.35270578e+09 5.72339025e+10 6.91696937e+10]
 [2.12338135e+11 8.38149572e+10 3.09902314e+10 1.18263793e+11
  3.39551465e+11 1.41183372e+10 3.95203418e+11 7.58251502e+12
  1.03364282e+13 5.69525709e+12 1.18530895e+13 3.44837912e+12
  3.80121654e+10 5.50241763e+11 2.80858078e+12 1.19135699e+12
  1.35548978e+10 6.62634501e+09 8.78091059e+09 1.39014449e+11]
 [1.64973796e+12 4.13925396e+11 3.79453156e+10 1.74393929e+11
  1.33967418e+12 3.51060300e+11 2.65321691e+12 1.62369002e+13
  1.69727035e+13 2.65946611e+12 1.29378709e+13 2.12766042e+13
  7.72264451e+12 1.78698543e+11 3.18600424e+12 1.85256317e+12
  7.42174961e+10 2.45508665e+10 6.76666430e+11 1.62214845e+12]]