[[1.56380505e+10 1.18368280e+09 1.37254523e+05 4.17983799e+08
  1.14895828e+10 4.81439344e+09 3.17246052e+10 8.54673062e+10
  8.69778869e+09 2.26588747e+09 7.61657426e+10 2.60644475e+11
  1.04966573e+11 1.43622777e+09 5.92800571e+09 1.42965878e+08
  2.56533735e+08 2.44126544e+08 9.48147578e+09 1.74378406e+10]
 [7.80983379e+11 3.12955766e+10 1.06106032e+07 2.96638563e+10
  5.64966527e+11 3.03119683e+11 4.97983975e+12 7.00403286e+12
  5.38166169e+11 4.64913143e+11 9.72131577e+12 2.01234795e+13
  6.07226275e+12 1.22738332e+12 6.12445061e+11 8.60153379e+09
  5.28134777e+09 1.62052155e+10 6.23483787e+11 8.70867100e+11]
 [2.02056815e+11 3.11577269e+09 6.11273094e+06 1.25038562e+10
  1.83694337e+11 4.64209462e+11 3.29787817e+12 3.17961886e+12
  2.23447361e+11 4.02567399e+11 5.67188150e+12 8.75204962e+12
  2.71295993e+12 1.28171732e+12 3.32609658e+11 3.17703714e+09
  8.71509763e+08 1.04086093e+10 2.38469043e+11 2.25311623e+11]
 [2.67373790e+11 7.06820433e+09 2.03861489e+07 3.09503033e+10
  4.28230521e+11 2.37202398e+12 1.06063893e+13 8.05225660e+12
  5.93838714e+11 1.52849425e+12 1.67579647e+13 2.15370153e+13
  8.18107293e+12 5.14072381e+12 9.60150286e+11 7.29923855e+09
  5.97055415e+09 3.92441206e+10 5.36660486e+11 2.98145957e+11]
 [1.02027484e+12 1.77736409e+11 2.10935938e+08 2.55889850e+11
  3.90943230e+12 3.00454582e+13 1.01896956e+14 6.58911104e+13
  5.44155036e+12 1.64169731e+13 1.51327764e+14 1.73144611e+14
  8.32946568e+13 5.64834141e+13 8.64189847e+12 5.92277788e+10
  1.12201232e+11 4.41114578e+11 4.10050633e+12 1.13769872e+12]
 [5.74137268e+11 4.71350558e+11 3.29470884e+08 3.41837315e+11
  6.10395158e+12 5.23321226e+13 1.47698198e+14 8.55321007e+13
  8.03027650e+12 2.57737323e+13 2.09201308e+14 2.22645290e+14
  1.31953839e+14 8.96677510e+13 1.20155540e+13 8.06109031e+10
  2.46274132e+11 7.26861563e+11 5.17606534e+12 6.40214979e+11]
 [4.02768360e+10 8.79692750e+10 4.51396432e+07 4.21953904e+10
  8.72842142e+11 7.63903448e+12 1.89696278e+13 1.01886748e+13
  1.07540557e+12 3.50942425e+12 2.59063434e+13 2.64253219e+13
  1.84689469e+13 1.22813664e+13 1.50207001e+12 1.03067983e+10
  4.14606105e+10 1.03121307e+11 6.16686710e+11 4.49123148e+10]
 [3.76222407e+11 9.33275304e+11 3.96977718e+08 3.47293389e+11
  8.04919791e+12 6.97692024e+13 1.58581676e+14 8.10724377e+13
  9.39514277e+12 3.05889862e+13 2.10783305e+14 2.10235237e+14
  1.65647636e+14 1.07385774e+14 1.23430754e+13 8.79543318e+10
  4.14436729e+11 9.27559671e+11 4.97970077e+12 4.19522010e+11]
 [3.32079176e+12 6.94838510e+12 2.64911462e+09 2.22987683e+12
  5.57067680e+13 4.75728417e+14 1.02202280e+15 5.07289652e+14
  6.26811975e+13 2.02572670e+14 1.33405926e+15 1.31713384e+15
  1.12134956e+15 7.12307035e+14 7.87486831e+13 5.80674459e+11
  2.98325712e+12 6.27437905e+12 3.16970487e+13 3.70298314e+12]
 [7.81530885e+12 1.45920738e+13 5.28740947e+09 4.37291192e+12
  1.13350233e+14 9.58896122e+14 2.00400155e+15 9.81142846e+14
  1.25232203e+14 4.02591262e+14 2.59211370e+15 2.55015498e+15
  2.25487489e+15 1.41660020e+15 1.53694001e+14 1.15576946e+12
  6.16917055e+12 1.26035295e+13 6.19706110e+13 8.71477618e+12]
 [7.81530885e+12 1.45920738e+13 5.28740947e+09 4.37291192e+12
  1.13350233e+14 9.58896122e+14 2.00400155e+15 9.81142846e+14
  1.25232203e+14 4.02591262e+14 2.59211370e+15 2.55015498e+15
  2.25487489e+15 1.41660020e+15 1.53694001e+14 1.15576946e+12
  6.16917055e+12 1.26035295e+13 6.19706110e+13 8.71477618e+12]
 [3.32079176e+12 6.94838510e+12 2.64911462e+09 2.22987683e+12
  5.57067680e+13 4.75728417e+14 1.02202280e+15 5.07289652e+14
  6.26811975e+13 2.02572670e+14 1.33405926e+15 1.31713384e+15
  1.12134956e+15 7.12307035e+14 7.87486831e+13 5.80674459e+11
  2.98325712e+12 6.27437905e+12 3.16970487e+13 3.70298314e+12]
 [3.76222407e+11 9.33275304e+11 3.96977718e+08 3.47293389e+11
  8.04919791e+12 6.97692024e+13 1.58581676e+14 8.10724377e+13
  9.39514277e+12 3.05889862e+13 2.10783305e+14 2.10235237e+14
  1.65647636e+14 1.07385774e+14 1.23430754e+13 8.79543318e+10
  4.14436729e+11 9.27559671e+11 4.97970077e+12 4.19522010e+11]
 [4.02768360e+10 8.79692750e+10 4.51396432e+07 4.21953904e+10
  8.72842142e+11 7.63903448e+12 1.89696278e+13 1.01886748e+13
  1.07540557e+12 3.50942425e+12 2.59063434e+13 2.64253219e+13
  1.84689469e+13 1.22813664e+13 1.50207001e+12 1.03067983e+10
  4.14606105e+10 1.03121307e+11 6.16686710e+11 4.49123148e+10]
 [5.74137268e+11 4.71350558e+11 3.29470884e+08 3.41837315e+11
  6.10395158e+12 5.23321226e+13 1.47698198e+14 8.55321007e+13
  8.03027650e+12 2.57737323e+13 2.09201308e+14 2.22645290e+14
  1.31953839e+14 8.96677510e+13 1.20155540e+13 8.06109031e+10
  2.46274132e+11 7.26861563e+11 5.17606534e+12 6.40214979e+11]
 [1.02027484e+12 1.77736409e+11 2.10935938e+08 2.55889850e+11
  3.90943230e+12 3.00454582e+13 1.01896956e+14 6.58911104e+13
  5.44155036e+12 1.64169731e+13 1.51327764e+14 1.73144611e+14
  8.32946568e+13 5.64834141e+13 8.64189847e+12 5.92277788e+10
  1.12201232e+11 4.41114578e+11 4.10050633e+12 1.13769872e+12]
 [2.67373790e+11 7.06820433e+09 2.03861489e+07 3.09503033e+10
  4.28230521e+11 2.37202398e+12 1.06063893e+13 8.05225660e+12
  5.93838714e+11 1.52849425e+12 1.67579647e+13 2.15370153e+13
  8.18107293e+12 5.14072381e+12 9.60150286e+11 7.29923855e+09
  5.97055415e+09 3.92441206e+10 5.36660486e+11 2.98145957e+11]
 [2.02056815e+11 3.11577269e+09 6.11273094e+06 1.25038562e+10
  1.83694337e+11 4.64209462e+11 3.29787817e+12 3.17961886e+12
  2.23447361e+11 4.02567399e+11 5.67188150e+12 8.75204962e+12
  2.71295993e+12 1.28171732e+12 3.32609658e+11 3.17703714e+09
  8.71509763e+08 1.04086093e+10 2.38469043e+11 2.25311623e+11]
 [7.80983379e+11 3.12955766e+10 1.06106032e+07 2.96638563e+10
  5.64966527e+11 3.03119683e+11 4.97983975e+12 7.00403286e+12
  5.38166169e+11 4.64913143e+11 9.72131577e+12 2.01234795e+13
  6.07226275e+12 1.22738332e+12 6.12445061e+11 8.60153379e+09
  5.28134777e+09 1.62052155e+10 6.23483787e+11 8.70867100e+11]
 [1.56380505e+10 1.18368280e+09 1.37254523e+05 4.17983799e+08
  1.14895828e+10 4.81439344e+09 3.17246052e+10 8.54673062e+10
  8.69778869e+09 2.26588747e+09 7.61657426e+10 2.60644475e+11
  1.04966573e+11 1.43622777e+09 5.92800571e+09 1.42965878e+08
  2.56533735e+08 2.44126544e+08 9.48147578e+09 1.74378406e+10]]