[[2.91391870e+09 7.06397636e+07 1.40562326e+08 1.60102738e+09
  1.70120088e+10 3.70449612e+09 1.05705621e+10 1.16908334e+09
  3.16768971e+10 1.86397710e+10 1.52766979e+11 2.59433698e+11
  5.16914103e+10 1.67814106e+08 1.79519292e+09 8.87480227e+09
  7.57130901e+08 3.14201180e+08 6.33812000e+09 4.45833611e+09]
 [1.45524665e+11 1.86765588e+09 1.08663164e+10 1.13623174e+11
  8.36515623e+11 2.33239286e+11 1.65927062e+12 9.58062033e+10
  1.95997339e+12 3.82449464e+12 1.94982153e+13 2.00299994e+13
  2.99032174e+12 1.43411956e+11 1.85468282e+11 5.33951967e+11
  1.55873129e+10 2.08567973e+10 4.16782699e+11 2.22654761e+11]
 [3.76502897e+10 1.85942929e+08 6.26004640e+09 4.78942393e+10
  2.71986348e+11 3.57191860e+11 1.09884507e+12 4.34931156e+10
  8.13783748e+11 3.31162258e+12 1.13761932e+13 8.71139354e+12
  1.33601318e+12 1.49760540e+11 1.00725021e+11 1.97218923e+11
  2.57216452e+09 1.33963201e+10 1.59410354e+11 5.76054665e+10]
 [4.98211389e+10 4.21815950e+08 2.08774506e+10 1.18550726e+11
  6.34057956e+11 1.82518395e+12 3.53402339e+12 1.10144562e+11
  2.16272992e+12 1.25737853e+13 3.36117467e+13 2.14369689e+13
  4.02881779e+12 6.00660973e+11 2.90764732e+11 4.53110210e+11
  1.76214292e+10 5.05088418e+10 3.58743579e+11 7.62270350e+10]
 [1.90113079e+11 1.06069446e+10 2.16019448e+11 9.80149603e+11
  5.78848665e+12 2.31188590e+13 3.39518207e+13 9.01306040e+11
  1.98178453e+13 1.35050228e+14 3.03520777e+14 1.72340299e+14
  4.10189468e+13 6.59972871e+12 2.61704791e+12 3.67664532e+12
  3.31149506e+11 5.67733105e+11 2.74108185e+12 2.90875654e+11]
 [1.06981962e+11 2.81292354e+10 3.37411059e+11 1.30935912e+12
  9.03779360e+12 4.02676157e+13 4.92126844e+13 1.16996964e+12
  2.92458522e+13 2.12021327e+14 4.19598769e+14 2.21611031e+14
  6.49814494e+13 1.04771080e+13 3.63870051e+12 5.00403199e+12
  7.26850820e+11 9.35501552e+11 3.46006508e+12 1.63683888e+11]
 [7.50499083e+09 5.24982606e+09 4.62274985e+10 1.61623430e+11
  1.29237053e+12 5.87795200e+12 6.32063434e+12 1.39368028e+11
  3.91657154e+12 2.88694231e+13 5.19608120e+13 2.63025677e+13
  9.09514223e+12 1.43499978e+12 4.54875648e+11 6.39808592e+11
  1.22366399e+11 1.32721481e+11 4.12239030e+11 1.14827403e+10]
 [7.01034637e+10 5.56959576e+10 4.06544793e+11 1.33025783e+12
  1.19180155e+13 5.36847979e+13 5.28390329e+13 1.10896716e+12
  3.42166247e+13 2.51632839e+14 4.22771810e+14 2.09258627e+14
  8.15741591e+13 1.25473466e+13 3.73788466e+12 5.45988537e+12
  1.22316410e+12 1.19380850e+12 3.32880047e+12 1.07259274e+11]
 [6.18780275e+11 4.14665384e+11 2.71295769e+12 8.54122543e+12
  8.24820225e+13 3.66055266e+14 3.40535539e+14 6.93907303e+12
  2.28281683e+14 1.66641469e+15 2.67574630e+15 1.31101533e+15
  5.52215228e+14 8.32285594e+13 2.38476623e+13 3.60461608e+13
  8.80475292e+12 8.07539102e+12 2.11886528e+13 9.46742422e+11]
 [1.45626685e+12 8.70825061e+11 5.41483487e+12 1.67498159e+13
  1.67831608e+14 7.37834787e+14 6.67728494e+14 1.34207781e+13
  4.56089215e+14 3.31181888e+15 5.19904838e+15 2.53830869e+15
  1.11042649e+15 1.65520749e+14 4.65435419e+13 7.17459688e+13
  1.82076235e+13 1.62212752e+13 4.14257420e+13 2.22810853e+12]
 [1.45626685e+12 8.70825061e+11 5.41483487e+12 1.67498159e+13
  1.67831608e+14 7.37834787e+14 6.67728494e+14 1.34207781e+13
  4.56089215e+14 3.31181888e+15 5.19904838e+15 2.53830869e+15
  1.11042649e+15 1.65520749e+14 4.65435419e+13 7.17459688e+13
  1.82076235e+13 1.62212752e+13 4.14257420e+13 2.22810853e+12]
 [6.18780275e+11 4.14665384e+11 2.71295769e+12 8.54122543e+12
  8.24820225e+13 3.66055266e+14 3.40535539e+14 6.93907303e+12
  2.28281683e+14 1.66641469e+15 2.67574630e+15 1.31101533e+15
  5.52215228e+14 8.32285594e+13 2.38476623e+13 3.60461608e+13
  8.80475292e+12 8.07539102e+12 2.11886528e+13 9.46742422e+11]
 [7.01034637e+10 5.56959576e+10 4.06544793e+11 1.33025783e+12
  1.19180155e+13 5.36847979e+13 5.28390329e+13 1.10896716e+12
  3.42166247e+13 2.51632839e+14 4.22771810e+14 2.09258627e+14
  8.15741591e+13 1.25473466e+13 3.73788466e+12 5.45988537e+12
  1.22316410e+12 1.19380850e+12 3.32880047e+12 1.07259274e+11]
 [7.50499083e+09 5.24982606e+09 4.62274985e+10 1.61623430e+11
  1.29237053e+12 5.87795200e+12 6.32063434e+12 1.39368028e+11
  3.91657154e+12 2.88694231e+13 5.19608120e+13 2.63025677e+13
  9.09514223e+12 1.43499978e+12 4.54875648e+11 6.39808592e+11
  1.22366399e+11 1.32721481e+11 4.12239030e+11 1.14827403e+10]
 [1.06981962e+11 2.81292354e+10 3.37411059e+11 1.30935912e+12
  9.03779360e+12 4.02676157e+13 4.92126844e+13 1.16996964e+12
  2.92458522e+13 2.12021327e+14 4.19598769e+14 2.21611031e+14
  6.49814494e+13 1.04771080e+13 3.63870051e+12 5.00403199e+12
  7.26850820e+11 9.35501552e+11 3.46006508e+12 1.63683888e+11]
 [1.90113079e+11 1.06069446e+10 2.16019448e+11 9.80149603e+11
  5.78848665e+12 2.31188590e+13 3.39518207e+13 9.01306040e+11
  1.98178453e+13 1.35050228e+14 3.03520777e+14 1.72340299e+14
  4.10189468e+13 6.59972871e+12 2.61704791e+12 3.67664532e+12
  3.31149506e+11 5.67733105e+11 2.74108185e+12 2.90875654e+11]
 [4.98211389e+10 4.21815950e+08 2.08774506e+10 1.18550726e+11
  6.34057956e+11 1.82518395e+12 3.53402339e+12 1.10144562e+11
  2.16272992e+12 1.25737853e+13 3.36117467e+13 2.14369689e+13
  4.02881779e+12 6.00660973e+11 2.90764732e+11 4.53110210e+11
  1.76214292e+10 5.05088418e+10 3.58743579e+11 7.62270350e+10]
 [3.76502897e+10 1.85942929e+08 6.26004640e+09 4.78942393e+10
  2.71986348e+11 3.57191860e+11 1.09884507e+12 4.34931156e+10
  8.13783748e+11 3.31162258e+12 1.13761932e+13 8.71139354e+12
  1.33601318e+12 1.49760540e+11 1.00725021e+11 1.97218923e+11
  2.57216452e+09 1.33963201e+10 1.59410354e+11 5.76054665e+10]
 [1.45524665e+11 1.86765588e+09 1.08663164e+10 1.13623174e+11
  8.36515623e+11 2.33239286e+11 1.65927062e+12 9.58062033e+10
  1.95997339e+12 3.82449464e+12 1.94982153e+13 2.00299994e+13
  2.99032174e+12 1.43411956e+11 1.85468282e+11 5.33951967e+11
  1.55873129e+10 2.08567973e+10 4.16782699e+11 2.22654761e+11]
 [2.91391870e+09 7.06397636e+07 1.40562326e+08 1.60102738e+09
  1.70120088e+10 3.70449612e+09 1.05705621e+10 1.16908334e+09
  3.16768971e+10 1.86397710e+10 1.52766979e+11 2.59433698e+11
  5.16914103e+10 1.67814106e+08 1.79519292e+09 8.87480227e+09
  7.57130901e+08 3.14201180e+08 6.33812000e+09 4.45833611e+09]]