[[1.42043217e+12 3.14752250e+11 2.42364874e+10 1.01889958e+11
  8.58133110e+11 2.74313070e+11 2.30462885e+12 1.31440613e+13
  1.15890829e+13 1.58008738e+12 7.81681892e+12 1.53654031e+13
  6.56838600e+12 1.51533464e+11 2.33686420e+12 1.14864171e+12
  4.35035197e+10 1.63410949e+10 5.47579687e+11 1.40767744e+12]
 [6.67963492e+11 7.38941766e+10 1.03530283e+10 1.18587981e+10
  6.29703057e+10 9.11208183e+10 3.16613675e+12 1.02032066e+13
  5.10231857e+12 9.63722716e+11 9.19604604e+11 4.23336770e+12
  2.89953970e+12 1.23878236e+12 2.02488429e+12 3.20648043e+11
  1.06468196e+09 2.24849348e+09 2.21114236e+11 6.43661087e+11]
 [4.48169326e+10 2.28866945e+09 5.14399628e+09 2.15997484e+10
  9.84353036e+10 1.29994899e+11 6.80047986e+11 1.17766121e+12
  1.13612122e+12 1.76591870e+12 4.37478418e+12 3.06195647e+12
  5.95585594e+11 3.18120875e+11 4.00771885e+11 1.35151433e+11
  1.08716527e+09 4.75718696e+09 6.05739824e+10 4.72431022e+10]
 [1.90375418e+10 2.96977208e+09 2.36045986e+10 9.29750699e+10
  4.01155155e+11 9.36309323e+11 1.36330807e+12 8.67397758e+11
  3.32148043e+12 1.10273656e+13 2.30275350e+13 1.20127400e+13
  1.75760944e+12 3.04568483e+11 8.74728258e+11 4.61638170e+11
  1.31553747e+10 3.06846450e+10 1.74941769e+11 2.81660032e+10]
 [3.85018910e+10 7.96280184e+10 3.58311013e+11 1.17348667e+12
  5.59510589e+12 1.74798401e+13 1.47055685e+13 2.86185607e+12
  4.24747770e+13 1.79278199e+14 3.18565521e+14 1.45453475e+14
  2.41811990e+13 3.63280300e+11 9.70977889e+12 5.57497008e+12
  3.78269328e+11 5.25243855e+11 1.93350741e+12 9.47308272e+10]
 [1.26114630e+11 5.67637755e+11 1.03106318e+12 2.75047622e+12
  1.53127933e+13 5.57736483e+13 5.39770541e+13 2.89007248e+13
  1.22705185e+14 4.99030614e+14 7.69344370e+14 3.33663911e+14
  7.79586183e+13 1.73024036e+13 3.06297734e+13 1.37350343e+13
  1.45265795e+12 1.52310978e+12 4.57453539e+12 1.77916573e+11]
 [3.16403922e+11 2.22451223e+12 1.18706757e+12 2.17328980e+12
  1.39287156e+13 6.65658799e+13 1.33870351e+14 1.34103473e+14
  1.76832163e+14 4.64740082e+14 5.92417517e+14 2.80934328e+14
  1.33069206e+14 1.08951546e+14 6.09911343e+13 1.35098112e+13
  1.53649934e+12 1.41050675e+12 4.95250175e+12 3.28713558e+11]
 [7.52628481e+11 5.13434325e+12 8.65289487e+11 2.26516449e+11
  1.38766300e+12 4.66003443e+13 2.34684886e+14 2.76344755e+14
  2.04046447e+14 1.27802588e+14 1.92208267e+13 9.26326217e+13
  1.82246125e+14 2.53758345e+14 9.47041075e+13 7.16533766e+12
  1.09141563e+11 2.32999542e+11 3.99011757e+12 7.23930080e+11]
 [1.18313858e+12 7.37151175e+12 2.06296251e+12 2.66192296e+12
  2.04521709e+13 1.20388051e+14 2.97400404e+14 3.05464343e+14
  3.51675606e+14 6.68181356e+14 6.82809895e+14 3.61479194e+14
  2.90938408e+14 2.93375635e+14 1.25769911e+14 2.10926782e+13
  2.50611141e+12 2.03395287e+12 7.93192167e+12 1.18227045e+12]
 [8.76942308e+11 7.20136894e+12 5.35486840e+12 1.09046800e+13
  8.80510302e+13 3.29139398e+14 2.91669030e+14 1.76586709e+14
  6.50150536e+14 2.43921400e+15 2.94242706e+15 1.20256268e+15
  4.65689548e+14 1.58733053e+14 1.46966491e+14 6.27729056e+13
  1.12483244e+13 8.20794461e+12 1.79805236e+13 1.08094039e+12]
 [3.04257354e+11 5.80092925e+12 7.61982933e+12 1.69322409e+13
  1.36960701e+14 4.73018159e+14 2.54556305e+14 4.78075024e+13
  8.34502453e+14 3.71582400e+15 4.60545494e+15 1.81174193e+15
  5.61174678e+14 1.95475510e+13 1.49896825e+14 9.21346262e+13
  1.75562617e+13 1.26749307e+13 2.48336693e+13 6.65598287e+11]
 [3.02493459e+11 4.95815828e+12 6.16980624e+12 1.37854218e+13
  1.07442294e+14 3.78717478e+14 2.28902855e+14 6.44964582e+13
  6.85608024e+14 2.99286795e+15 3.78030242e+15 1.50014975e+15
  4.62786205e+14 4.00940612e+13 1.31203579e+14 7.44793285e+13
  1.35453963e+13 1.00818577e+13 2.06175701e+13 5.43578982e+11]
 [4.44664865e+11 4.13378520e+12 2.76491951e+12 5.57403768e+12
  4.01857268e+13 1.63543284e+14 2.01878159e+14 1.57474866e+14
  3.58543480e+14 1.21134049e+15 1.52988114e+15 6.53640753e+14
  2.60604182e+14 1.35895050e+14 9.73329745e+13 3.21258011e+13
  4.84287671e+12 3.90539468e+12 1.01417808e+13 5.00578211e+11]
 [3.95406918e+11 2.45050627e+12 6.69467327e+11 6.16412202e+11
  3.84718182e+12 3.58839850e+13 1.43274125e+14 1.69900733e+14
  1.34455915e+14 1.66855276e+14 1.47509549e+14 1.11961298e+14
  1.12134156e+14 1.41252249e+14 6.02245343e+13 6.50086627e+12
  4.01710993e+11 4.32167644e+11 3.12697856e+12 3.86010803e+11]
 [3.52040818e+11 8.10562989e+11 2.73155999e+11 2.20178898e+11
  1.16904193e+12 1.36064558e+13 6.86656807e+13 8.91877493e+13
  5.92242457e+13 6.01439129e+13 4.85836867e+13 4.80540188e+13
  4.79520360e+13 6.46136280e+13 2.93995468e+13 2.73775423e+12
  1.00396712e+11 1.39685691e+11 1.50066789e+12 3.41770464e+11]
 [1.79191361e+11 1.11727542e+11 1.88274129e+11 5.09745545e+11
  2.42071205e+12 8.99626821e+12 1.82566512e+13 1.91366357e+13
  2.74007574e+13 8.13152673e+13 1.35865378e+14 6.76207400e+13
  1.75436885e+13 1.08066927e+13 9.39972009e+12 2.74350949e+12
  1.62379090e+11 2.31039823e+11 1.08017851e+12 1.96766440e+11]
 [1.50913566e+10 2.83314226e+09 2.53635019e+10 1.01567674e+11
  4.38371948e+11 1.00799513e+12 1.32374579e+12 6.54524988e+11
  3.49755196e+12 1.20035834e+13 2.51930229e+13 1.30489626e+13
  1.82738648e+12 2.02835923e+11 8.78415387e+11 4.98986986e+11
  1.43849758e+10 3.34861153e+10 1.86895207e+11 2.53040163e+10]
 [9.27892400e+09 1.57093611e+09 1.14289634e+10 6.29677751e+10
  2.88682404e+11 2.97176728e+11 5.33456298e+11 1.75959251e+11
  1.92562975e+12 4.82987422e+12 1.31089733e+13 8.08004422e+12
  8.71329949e+11 1.58551453e+10 4.15992946e+11 3.28875036e+11
  3.22602748e+09 1.36117083e+10 1.23871423e+11 2.14690163e+10]
 [2.85431488e+11 5.38177365e+10 4.07348772e+10 2.85168371e+11
  1.69245917e+12 3.95136245e+11 2.54968867e+12 4.05826114e+12
  1.03977870e+13 1.08179387e+13 4.26091243e+13 3.63653822e+13
  4.61831936e+12 4.32692845e+11 2.10293621e+12 1.78128587e+12
  3.71609013e+10 4.06398617e+10 6.81991947e+11 3.66228189e+11]
 [1.32346740e+12 3.05139571e+11 2.92116372e+10 1.50641915e+11
  1.27763924e+12 3.35439416e+11 2.25491439e+12 1.21948230e+13
  1.26725163e+13 2.18807392e+12 1.19517368e+13 2.06339248e+13
  6.94450567e+12 1.39592710e+11 2.34642800e+12 1.45597132e+12
  6.56991153e+10 2.36625795e+10 6.36303838e+11 1.33735334e+12]]