[[2.32260940e+12 4.81593619e+11 4.08870853e+10 2.07266658e+11
  1.91038712e+12 5.61716204e+11 3.99794530e+12 2.02816290e+13
  1.84537721e+13 2.98700312e+12 1.71504318e+13 3.30899261e+13
  1.21854156e+13 2.41674671e+11 3.59865952e+12 2.01035436e+12
  9.13732866e+10 3.62229844e+10 1.08622532e+12 2.36493014e+12]
 [1.28423633e+12 4.86424093e+10 9.00803379e+09 1.37177751e+11
  1.52404435e+12 6.41672853e+11 8.77779018e+12 1.05651351e+13
  2.44989361e+12 3.83061368e+12 3.04026361e+13 4.63054500e+13
  1.14866069e+13 1.95015220e+12 1.07910734e+12 4.52928408e+11
  2.06121132e+10 4.11496622e+10 1.26859238e+12 1.48057142e+12]
 [1.28024306e+11 1.05311057e+09 6.75676435e+08 2.13228198e+10
  2.04851829e+11 4.12514312e+11 2.34700927e+12 1.53346357e+12
  1.77360880e+10 1.05180041e+12 7.15305025e+12 8.45293265e+12
  2.12290021e+12 7.53613617e+11 7.99488857e+10 3.55142452e+10
  1.30744933e+09 1.10092210e+10 2.03117887e+11 1.51553333e+11]
 [1.07130384e+11 4.00188484e+09 7.38954506e+09 3.65771917e+10
  2.58167177e+11 1.09915617e+12 4.30780614e+12 3.53206514e+12
  1.37325905e+12 3.68592747e+12 1.20947146e+13 1.08501000e+13
  3.45567699e+12 2.07977637e+12 7.14758959e+11 1.41436251e+11
  5.69328247e+09 2.20461176e+10 2.39935224e+11 1.19746761e+11]
 [3.66150105e+11 2.33870747e+11 2.10095208e+11 3.31582791e+11
  1.19292220e+12 5.67438150e+12 2.68053235e+13 4.60961136e+13
  3.95185961e+13 6.40601313e+13 7.15072742e+13 3.56269943e+13
  1.76681473e+13 2.47119742e+13 1.75096274e+13 2.70061248e+12
  9.70803835e+10 1.13549227e+11 7.80709757e+11 3.47342102e+11]
 [3.89615664e+11 1.75970863e+12 9.61093684e+11 9.62495280e+11
  1.31498622e+12 4.64628697e+11 5.05670388e+13 1.53537896e+14
  1.74461606e+14 2.59309686e+14 1.30914368e+14 2.48263767e+12
  1.91573138e+13 8.45575084e+13 7.11839337e+13 1.04556432e+13
  4.07162981e+11 7.87808508e+10 1.89494921e+11 3.15946038e+11]
 [5.36435656e+11 4.43440977e+12 1.72758371e+12 2.04869610e+12
  9.48533023e+12 5.01777779e+13 1.81478560e+14 2.70615737e+14
  3.00720282e+14 5.20125546e+14 4.45542766e+14 1.89163410e+14
  1.39412453e+14 2.01210319e+14 1.16924272e+14 1.80082378e+13
  1.33224368e+12 9.35797728e+11 4.10523755e+12 5.04119773e+11]
 [1.31377046e+12 4.83550857e+12 1.33542538e+12 3.60218306e+12
  4.17150374e+13 2.76947988e+14 5.56461499e+14 3.17519382e+14
  2.04235108e+14 6.59141948e+14 1.31465522e+15 9.07321651e+14
  6.01400048e+14 3.81097166e+14 8.52006066e+13 1.56112969e+13
  3.44560321e+12 4.47173957e+12 1.90842262e+13 1.46151980e+12]
 [2.81020914e+12 3.20045386e+12 4.11279476e+11 5.08478780e+12
  8.28232562e+13 5.63406553e+14 9.70278218e+14 3.28528475e+14
  1.03379164e+13 7.10898297e+14 2.24444081e+15 1.69537858e+15
  1.16982445e+15 5.59980881e+14 2.64961908e+13 8.85555958e+12
  5.97790235e+12 8.84615289e+12 3.59833856e+13 3.32439760e+12]
 [3.61732373e+12 6.07665696e+12 1.17106333e+12 5.66498173e+12
  8.67598081e+13 5.77006082e+14 9.99528848e+14 4.08743829e+14
  1.43540102e+14 9.15419887e+14 2.29354048e+15 1.66800800e+15
  1.21036783e+15 6.30767671e+14 7.07842764e+13 1.62803449e+13
  6.77528738e+12 9.08892008e+12 3.58301324e+13 4.18269431e+12]
 [2.77696597e+12 1.36458651e+13 3.60047772e+12 5.13863287e+12
  4.63466374e+13 2.77903693e+14 6.13720611e+14 5.42796045e+14
  6.04941823e+14 1.23653589e+15 1.41766696e+15 8.04117289e+14
  6.43950729e+14 5.65247363e+14 2.13341841e+14 3.73392177e+13
  5.25367964e+12 4.62030027e+12 1.75998318e+13 2.84997862e+12]
 [1.51795072e+12 1.62443392e+13 4.81631143e+12 4.11344285e+12
  1.09449008e+13 2.63783760e+13 2.58206577e+14 5.79363061e+14
  8.46114375e+14 1.29564545e+15 6.13072097e+14 8.06044046e+13
  1.50424561e+14 4.40750885e+14 2.90838276e+14 4.71456412e+13
  3.31499365e+12 7.95304717e+11 2.23783322e+12 1.27501678e+12]
 [8.61864734e+11 1.02434046e+13 3.37298305e+12 3.13521778e+12
  9.65690353e+12 3.38411358e+13 2.15416591e+14 4.41256532e+14
  5.90915096e+14 9.31692968e+14 5.19029743e+14 1.11743477e+14
  1.36580619e+14 3.25614093e+14 2.13092159e+14 3.35134911e+13
  2.30372630e+12 7.98001353e+11 2.71996418e+12 7.44846631e+11]
 [6.52364631e+11 3.21293915e+12 1.17240173e+12 2.18464840e+12
  1.78155181e+13 1.13960841e+14 2.79236228e+14 2.33352718e+14
  1.94659689e+14 4.45196180e+14 6.79864215e+14 4.28787841e+14
  2.63599019e+14 2.16415581e+14 7.96300026e+13 1.29812682e+13
  1.60597860e+12 1.91449463e+12 8.96137783e+12 6.87970475e+11]
 [7.21139694e+11 4.46726946e+11 1.48156657e+11 1.18345018e+12
  1.30017105e+13 8.81239045e+13 2.03263809e+14 9.07823516e+13
  1.55795330e+13 1.48912977e+14 5.10520264e+14 4.07512411e+14
  1.97156144e+14 1.06828837e+14 1.13347323e+13 2.56815171e+12
  7.33356956e+11 1.46271089e+12 8.36640107e+12 8.41706969e+11]
 [5.72597796e+11 6.03766833e+10 2.77123482e+10 3.89543114e+11
  3.81586605e+12 2.33104565e+13 6.37208818e+13 2.91549448e+13
  1.79087021e+12 3.94187257e+13 1.67730685e+14 1.46003335e+14
  5.70418118e+13 2.96281155e+13 2.42560047e+12 6.69826573e+11
  1.49157669e+11 4.07860855e+11 3.05068085e+12 6.74745610e+11]
 [1.01339753e+11 4.74035259e+09 9.27615818e+09 3.58268538e+10
  2.27415618e+11 9.50132109e+11 3.89653332e+12 3.75365423e+12
  1.81393637e+12 3.93148340e+12 1.09542085e+13 9.38060965e+12
  3.04176008e+12 2.03188670e+12 8.94133817e+11 1.68223645e+11
  5.39667672e+09 1.92436227e+10 2.08137453e+11 1.10563452e+11]
 [7.58758415e+10 4.93237294e+09 7.41698012e+09 1.77104111e+10
  4.76541126e+10 6.49683358e+10 8.23103874e+11 2.57618134e+12
  1.99374262e+12 1.82250184e+12 2.55298014e+12 1.33667021e+12
  4.87186695e+11 6.11324776e+11 8.20437122e+11 1.74457080e+11
  7.91510582e+08 2.15146141e+09 3.47380747e+10 6.88515598e+10]
 [7.22908966e+11 1.57153154e+11 4.15958370e+10 1.13311351e+11
  1.77627363e+11 9.67032802e+09 2.36945577e+12 1.69616923e+13
  1.57035570e+13 6.30932404e+12 8.44585093e+12 7.38321865e+11
  1.29081837e+12 1.57069289e+12 4.87624939e+12 1.50053003e+12
  1.19049427e+10 2.74425340e+09 4.25949094e+10 5.90367479e+11]
 [2.18032332e+12 5.33548996e+11 4.62234690e+10 2.03009457e+11
  1.56375684e+12 4.34643690e+11 3.48113472e+12 2.12697350e+13
  2.11654230e+13 3.13993487e+12 1.49726782e+13 2.56185177e+13
  9.95427652e+12 2.36053670e+11 4.06392807e+12 2.23077792e+12
  8.60192401e+10 2.88988222e+10 8.50206997e+11 2.13927995e+12]]