[[8.83291900e+11 1.89324725e+11 1.39503225e+10 5.76852993e+10
  5.04618711e+11 1.69276656e+11 1.44095503e+12 8.03295113e+12
  6.78370505e+12 8.94822350e+11 4.50490267e+12 9.32875883e+12
  4.10548332e+12 9.37787344e+10 1.39291099e+12 6.56395649e+11
  2.47217542e+10 9.71840152e+09 3.39960169e+11 8.78255964e+11]
 [3.80383412e+11 4.14505765e+10 7.72536494e+09 2.48710502e+10
  1.58178397e+11 8.14080813e+10 1.92484911e+12 5.61072061e+12
  3.22092537e+12 1.17607677e+12 3.48430609e+12 5.13136668e+12
  1.96122222e+12 6.91282718e+11 1.16618536e+12 2.72107302e+11
  3.05272746e+09 4.26315691e+09 1.76097783e+11 3.76594979e+11]
 [2.15817882e+10 2.02706080e+09 6.94361104e+09 3.12324394e+10
  1.30643926e+11 1.33106692e+11 3.90978106e+11 7.55121502e+11
  1.38197775e+12 2.54312245e+12 6.10434068e+12 3.57846373e+12
  4.47190434e+11 1.56816991e+11 4.05952254e+11 1.88378708e+11
  1.56130283e+09 6.09393666e+09 5.67308719e+10 2.41246523e+10]
 [5.57074746e+09 4.45513390e+09 3.23375282e+10 1.15191418e+11
  4.48384434e+11 8.88140719e+11 7.46254259e+11 1.06881200e+12
  4.76093455e+12 1.41957841e+13 2.68881975e+13 1.23435602e+13
  1.33809936e+12 1.14331688e+11 1.30624658e+12 6.18631277e+11
  1.59802749e+10 3.34345917e+10 1.56902479e+11 1.13283083e+10]
 [7.86224001e+09 1.44830205e+11 4.56405541e+11 1.30873928e+12
  5.61763641e+12 1.52190683e+13 8.21349445e+12 9.81433965e+12
  5.89638127e+13 2.09212337e+14 3.33679724e+14 1.35421322e+14
  1.76875671e+13 3.58504338e+11 1.55572768e+13 6.86579789e+12
  4.12800073e+11 5.15075945e+11 1.60892561e+12 3.84829398e+10]
 [7.72712909e+10 7.38995328e+11 1.13972031e+12 2.71898024e+12
  1.37091488e+13 4.36756792e+13 3.24306437e+13 3.65779629e+13
  1.43855018e+14 5.13674101e+14 7.17239894e+14 2.77941994e+14
  5.31738081e+13 1.36071198e+13 3.85191807e+13 1.47896591e+13
  1.40755782e+12 1.33309606e+12 3.44345923e+12 1.02653378e+11]
 [2.01055048e+11 1.61429611e+12 9.21278328e+11 1.65749647e+12
  1.00266765e+13 4.41096948e+13 8.36492779e+13 9.20032010e+13
  1.35455980e+14 3.59191759e+14 4.37933902e+14 1.92756320e+14
  8.41620757e+13 7.07033531e+13 4.53088133e+13 1.04983999e+13
  1.16099296e+12 9.99843365e+11 3.22424377e+12 2.06343264e+11]
 [4.46453075e+11 2.73362395e+12 3.83572183e+11 4.45894565e+10
  1.16352247e+12 3.25016231e+13 1.44910190e+14 1.54086184e+14
  9.91283764e+13 4.26998428e+13 1.00947529e+13 6.92239970e+13
  1.17467720e+14 1.47461290e+14 4.90639307e+13 2.96935391e+12
  1.28643148e+10 1.89515319e+11 2.70185215e+12 4.37758412e+11]
 [6.18901925e+11 5.25967930e+12 2.53449760e+12 4.29955653e+12
  3.11124472e+13 1.24180345e+14 1.75149948e+14 1.77280961e+14
  3.55689527e+14 1.00694009e+15 1.10745425e+15 4.51437782e+14
  2.11808421e+14 1.52936841e+14 1.01298856e+14 2.81470842e+13
  4.10957122e+12 2.93185202e+12 7.29984373e+12 6.44221453e+11]
 [3.39932121e+11 8.93221289e+12 7.42241862e+12 1.42035159e+13
  1.03839786e+14 3.22601422e+14 1.62033182e+14 1.53359358e+14
  9.03675741e+14 3.27233777e+15 3.62923428e+15 1.29237810e+15
  3.55720237e+14 6.89913989e+13 1.95364669e+14 8.62467764e+13
  1.44020065e+13 9.41800406e+12 1.65162795e+13 4.82824106e+11]
 [4.02383608e+10 1.03974456e+13 1.00533192e+13 1.96662982e+13
  1.43206593e+14 4.26506992e+14 1.39535662e+14 1.25951691e+14
  1.19148237e+15 4.51079567e+15 5.02596379e+15 1.75278310e+15
  4.18864958e+14 5.23833686e+12 2.42466504e+14 1.17762839e+14
  1.99586895e+13 1.29378558e+13 2.13361134e+13 2.46745101e+11]
 [1.58048459e+11 7.78468952e+12 7.30486585e+12 1.43807907e+13
  1.01129754e+14 3.10739265e+14 1.33627128e+14 1.25996537e+14
  8.77018322e+14 3.26215230e+15 3.70894954e+15 1.31202131e+15
  3.25452096e+14 3.69227757e+13 1.88638994e+14 8.54508450e+13
  1.38341140e+13 9.27336085e+12 1.62216910e+13 2.81191446e+11]
 [2.85291562e+11 3.78047405e+12 2.59011699e+12 4.89105138e+12
  3.23916185e+13 1.16954831e+14 1.25022941e+14 1.28787485e+14
  3.40326139e+14 1.09385569e+15 1.27885509e+15 4.93222273e+14
  1.69286235e+14 9.34747333e+13 9.13200314e+13 2.97612283e+13
  4.18282736e+12 3.08325308e+12 7.02833181e+12 3.10805986e+11]
 [2.42398380e+11 1.37784618e+12 3.20051711e+11 2.46497303e+11
  1.91217084e+12 2.19520132e+13 8.93497915e+13 9.96218174e+13
  6.92990062e+13 7.02093841e+13 6.42684375e+13 6.50500189e+13
  7.03176384e+13 8.54984911e+13 3.29865732e+13 2.97519143e+12
  1.61354127e+11 2.28941352e+11 1.94034889e+12 2.38910819e+11]
 [1.95501512e+11 4.84830861e+11 2.59361434e+11 4.25770159e+11
  2.32501302e+12 1.32236088e+13 4.13348046e+13 4.94086576e+13
  4.47498104e+13 8.79037404e+13 1.11893632e+14 6.20839780e+13
  3.33303282e+13 3.52777349e+13 1.87446621e+13 2.98548146e+12
  2.16346394e+11 2.42999162e+11 1.28160078e+12 1.95787359e+11]
 [8.14869369e+10 1.11245558e+11 2.58896554e+11 7.07190280e+11
  3.06260489e+12 9.09244915e+12 1.03661403e+13 1.32780490e+13
  3.54305465e+13 1.14177075e+14 1.80235105e+14 7.65969602e+13
  1.32981533e+13 5.14204508e+12 1.05734280e+13 3.82658605e+12
  2.22621644e+11 2.83251949e+11 1.00877733e+12 9.64796268e+10]
 [3.50565552e+09 4.59808507e+09 3.43806097e+10 1.22978901e+11
  4.78339784e+11 9.39910383e+11 7.22271831e+11 1.02350697e+12
  5.03581401e+12 1.51428271e+13 2.87069288e+13 1.31267157e+13
  1.38424321e+12 6.77337153e+10 1.36551306e+12 6.58720469e+11
  1.70634346e+10 3.56420667e+10 1.65309361e+11 9.70156488e+09]
 [2.98426902e+09 2.77800095e+09 1.42440123e+10 6.87243086e+10
  2.83771535e+11 2.53841143e+11 3.02115068e+11 5.41932476e+11
  2.61454311e+12 5.51551018e+12 1.34399360e+13 7.37103007e+12
  6.29541342e+11 1.83660353e+10 6.50613805e+11 3.96316290e+11
  3.44543367e+09 1.30710352e+10 1.01248115e+11 9.47475156e+09]
 [1.80199256e+11 6.24558777e+10 4.30158743e+10 2.72571691e+11
  1.46973444e+12 3.00960265e+11 1.55116183e+12 4.30291150e+12
  1.14881077e+13 1.07357948e+13 3.84981400e+13 2.94160749e+13
  3.09785848e+12 3.22058378e+11 2.42078283e+12 1.83991574e+12
  3.48500072e+10 3.45144092e+10 5.00234193e+11 2.18903085e+11]
 [8.32548929e+11 1.99382147e+11 1.97292852e+10 1.01869229e+11
  8.42274159e+11 2.13420543e+11 1.41081841e+12 7.83092778e+12
  8.47514018e+12 1.48463892e+12 7.97770183e+12 1.33105979e+13
  4.35421284e+12 8.83093456e+10 1.54663837e+12 9.86274794e+11
  4.42739283e+10 1.54875128e+10 4.02360078e+11 8.38283994e+11]]