[[1.93712173e+12 4.39064282e+11 3.47737133e+10 1.47674029e+11
  1.21494617e+12 3.76128138e+11 3.13099636e+12 1.81408369e+13
  1.64537036e+13 2.28965004e+12 1.12077763e+13 2.13039505e+13
  8.92590279e+12 2.07346588e+11 3.27934682e+12 1.65534830e+12
  6.29111452e+10 2.29681799e+10 7.47661405e+11 1.91529999e+12]
 [9.76108022e+11 1.19184934e+11 1.79425526e+10 1.73514955e+10
  1.31714522e+10 9.81089127e+10 4.38625847e+12 1.58856437e+13
  8.62753116e+12 1.65731233e+12 1.02048383e+11 3.56073454e+12
  3.74225555e+12 1.85308751e+12 3.32177227e+12 5.59928335e+11
  1.16796272e+09 1.03552060e+09 2.57218872e+11 9.18113160e+11]
 [7.39315335e+10 3.40534489e+09 4.79324256e+09 1.45898660e+10
  6.53051781e+10 1.16045391e+11 9.77081953e+11 1.97685896e+12
  1.27680723e+12 1.31198324e+12 2.81113747e+12 2.34750040e+12
  7.08560000e+11 5.43755506e+11 5.45666289e+11 1.15455414e+11
  7.12523091e+08 3.27375020e+09 5.93231691e+10 7.36016274e+10]
 [3.99004367e+10 2.87029317e+09 1.71622645e+10 7.03720098e+10
  3.31726652e+11 9.06757632e+11 2.01747301e+12 1.42742977e+12
  2.47872702e+12 8.14659612e+12 1.82927976e+13 1.07729621e+13
  2.06449602e+12 7.24676592e+11 7.33875141e+11 3.35997448e+11
  1.01075511e+10 2.59976324e+10 1.78485277e+11 4.94302791e+10]
 [9.41528465e+10 3.51326919e+10 2.58171544e+11 9.79594183e+11
  5.18915438e+12 1.84495075e+13 2.15098124e+13 4.49410258e+11
  2.75612521e+13 1.42594824e+14 2.83490318e+14 1.44723331e+14
  2.93631913e+13 2.48409931e+12 5.19334279e+12 4.17640576e+12
  3.22962613e+11 4.98170335e+11 2.12018879e+12 1.66549659e+11]
 [1.83770779e+11 3.82919531e+11 8.49044037e+11 2.57507925e+12
  1.58202787e+13 6.45822140e+13 7.53976904e+13 2.28788613e+13
  9.37669441e+13 4.46983634e+14 7.64726133e+14 3.67430648e+14
  9.98519636e+13 2.28645121e+13 2.13888454e+13 1.16760861e+13
  1.38889156e+12 1.60645952e+12 5.45989660e+12 2.58462115e+11]
 [4.25809536e+11 2.72608121e+12 1.37320402e+12 2.55085051e+12
  1.71399159e+13 8.70251994e+13 1.81963616e+14 1.71467245e+14
  2.07039359e+14 5.39285010e+14 7.13704214e+14 3.58395345e+14
  1.79431249e+14 1.44687439e+14 7.33284673e+13 1.56066721e+13
  1.81772038e+12 1.75643553e+12 6.55252197e+12 4.45659726e+11]
 [1.06465432e+12 8.02923936e+12 1.62161058e+12 7.66351575e+11
  2.91200140e+12 6.07262596e+13 3.21655633e+14 4.13294360e+14
  3.49520926e+14 3.06944326e+14 9.70124957e+13 1.24546443e+14
  2.42994725e+14 3.65398679e+14 1.52154040e+14 1.43105797e+13
  4.83997109e+11 3.77350391e+11 5.21625482e+12 1.00810193e+12]
 [1.84387571e+12 1.16747071e+13 2.39750606e+12 1.76039402e+12
  1.09094844e+13 1.07687889e+14 4.20806942e+14 4.99745555e+14
  4.80457868e+14 5.59539258e+14 3.55758933e+14 2.55172097e+14
  3.55184605e+14 4.71040805e+14 1.91958240e+14 2.21314267e+13
  1.48778035e+12 1.16543804e+12 7.96745590e+12 1.76984082e+12]
 [1.63596670e+12 8.75666349e+12 4.12342425e+12 7.90753286e+12
  6.83405031e+13 3.07693155e+14 4.27895129e+14 3.01480936e+14
  5.55884851e+14 1.77260049e+15 2.19791070e+15 1.02370705e+15
  5.45568743e+14 3.15002799e+14 1.53538648e+14 4.69174141e+13
  8.20707534e+12 6.53982767e+12 1.79078768e+13 1.80871919e+12]
 [7.71935053e+11 3.40514861e+12 5.41072937e+12 1.36003003e+13
  1.21841550e+14 4.82612644e+14 3.76433731e+14 4.82752533e+13
  5.52119561e+14 2.85827399e+15 3.93133646e+15 1.73415020e+15
  6.70217580e+14 9.16233568e+13 9.08206916e+13 6.74206310e+13
  1.44006868e+13 1.15374956e+13 2.64300909e+13 1.20966539e+12]
 [5.15212809e+11 2.45253424e+12 4.73165714e+12 1.22660517e+13
  1.06065771e+14 4.21749889e+14 3.25826591e+14 2.59544852e+13
  4.73637477e+14 2.53653350e+15 3.58437186e+15 1.58312393e+15
  5.79519305e+14 6.45480611e+13 7.56613921e+13 5.94111927e+13
  1.23269878e+13 1.01694409e+13 2.37426660e+13 8.48647080e+11]
 [6.00017857e+11 4.20579639e+12 2.70127753e+12 5.81685127e+12
  4.53522180e+13 2.02898733e+14 2.76165034e+14 1.79572377e+14
  3.46365407e+14 1.22842260e+15 1.67162079e+15 7.78810990e+14
  3.45285424e+14 1.76239343e+14 9.58883710e+13 3.17404097e+13
  5.13193743e+12 4.48602923e+12 1.28661421e+13 6.85958370e+11]
 [5.45004370e+11 3.58967461e+12 1.07902259e+12 1.08044778e+12
  6.11198210e+12 4.97239233e+13 1.95003116e+14 2.41851820e+14
  2.07904871e+14 2.85953422e+14 2.49962783e+14 1.61333918e+14
  1.52102076e+14 1.96526983e+14 8.97360174e+13 1.07123432e+13
  7.03499078e+11 6.61868900e+11 4.28239664e+12 5.28300354e+11]
 [5.24634242e+11 1.31121227e+12 4.18282613e+11 1.85324201e+11
  3.48788334e+11 1.33177764e+13 9.57652941e+13 1.41415212e+14
  9.50635084e+13 7.37391353e+13 1.34548244e+13 3.43438057e+13
  6.06805703e+13 9.87945105e+13 4.77193990e+13 3.99671260e+12
  6.11388746e+10 5.86834558e+10 1.63739547e+12 4.94790902e+11]
 [3.06416419e+11 1.57794936e+11 1.61529987e+11 3.52719752e+11
  1.71676558e+12 8.13567062e+12 2.64338292e+13 3.24488828e+13
  2.78691309e+13 5.92837434e+13 9.30562695e+13 5.39524564e+13
  2.06984080e+13 1.92447792e+13 1.18295346e+13 2.19920383e+12
  1.10985198e+11 1.69014611e+11 1.05903351e+12 3.13717067e+11]
 [3.39466765e+10 2.34818821e+09 1.81619485e+10 7.84873480e+10
  3.72437157e+11 9.93909102e+11 1.96261500e+12 1.00887932e+12
  2.47513085e+12 8.97680563e+12 2.05499531e+13 1.19814360e+13
  2.15558483e+12 5.61405545e+11 6.54959479e+11 3.62078034e+11
  1.13148667e+10 2.91319198e+10 1.93349948e+11 4.53023948e+10]
 [2.03139835e+10 6.62662977e+08 8.36534406e+09 5.36601563e+10
  2.73411650e+11 3.19295405e+11 7.73814384e+11 7.31251355e+09
  1.26068194e+12 3.91767747e+12 1.19150548e+13 8.19974519e+12
  1.06852404e+12 5.86478685e+10 2.19889757e+11 2.50732127e+11
  2.81262029e+09 1.31801963e+10 1.38036562e+11 3.64272985e+10]
 [3.98967387e+11 4.24666225e+10 3.52102721e+10 2.75480422e+11
  1.79562794e+12 4.67713313e+11 3.53147670e+12 3.80345160e+12
  8.51937404e+12 1.00376800e+13 4.35563331e+13 4.10340558e+13
  5.98599638e+12 5.59390796e+11 1.65122613e+12 1.57988812e+12
  3.66099695e+10 4.39878164e+10 8.30342330e+11 5.17967764e+11]
 [1.79082728e+12 4.02331249e+11 3.76013717e+10 1.93718118e+11
  1.67383327e+12 4.50442019e+11 3.06206109e+12 1.62744445e+13
  1.64315751e+13 2.80670292e+12 1.55177300e+13 2.74482589e+13
  9.41689943e+12 1.88182818e+11 3.07465272e+12 1.86995581e+12
  8.47044650e+10 3.11594631e+10 8.57994127e+11 1.81387056e+12]]