[[2.62475332e+12 5.43199198e+11 4.37482308e+10 2.10716027e+11
  1.94206650e+12 5.95866080e+11 4.45825508e+12 2.30534581e+13
  2.02403833e+13 3.08475278e+12 1.73195885e+13 3.44091601e+13
  1.33424075e+13 2.74257021e+11 4.02831097e+12 2.12326233e+12
  9.24600432e+10 3.70560415e+10 1.16491000e+12 2.65748465e+12]
 [1.72199011e+12 9.69442383e+10 5.78367446e+09 5.40006275e+10
  9.74464439e+11 5.63506782e+11 1.03117198e+13 1.79679525e+13
  3.86733336e+12 1.24058067e+12 1.65087770e+13 3.61940003e+13
  1.19758307e+13 2.82052393e+12 2.23405237e+12 1.86978054e+11
  9.14383151e+09 2.83116452e+10 1.18095266e+12 1.85854262e+12]
 [1.66333695e+11 3.34807569e+09 6.21302589e+08 6.81889123e+09
  1.15745869e+11 3.25220598e+11 2.57029554e+12 2.95841469e+12
  4.53356052e+11 2.29736857e+11 3.39164151e+12 5.89282835e+12
  2.02058325e+12 1.09211615e+12 4.03868598e+11 1.03792465e+10
  4.90134232e+08 6.71734517e+09 1.70507160e+11 1.80356584e+11]
 [1.14068429e+11 6.84437162e+09 1.14972326e+10 2.96124377e+10
  1.69635680e+11 7.83602219e+11 3.94962155e+12 4.98835399e+12
  2.57385109e+12 3.71704069e+12 8.22574967e+12 7.32059224e+12
  2.81046600e+12 2.42200955e+12 1.31578643e+12 1.90004769e+11
  4.25757596e+09 1.44860857e+10 1.77755809e+11 1.18154097e+11]
 [2.51498895e+11 2.57899204e+11 3.02429998e+11 5.15255356e+11
  1.48423061e+12 3.60411616e+12 1.49620020e+13 4.31883110e+13
  5.23341451e+13 9.90535413e+13 1.02254026e+14 3.06152050e+13
  8.87075423e+12 1.89932254e+13 2.07204471e+13 4.01421698e+12
  1.48737092e+11 1.27216025e+11 4.35327819e+11 2.14774698e+11]
 [2.13039462e+11 1.66394834e+12 1.26214700e+12 1.78999178e+12
  4.87776732e+12 3.84654329e+12 1.74108594e+13 1.22807263e+14
  2.02492541e+14 4.14186808e+14 3.36627590e+14 5.26802094e+13
  2.82802537e+12 5.40569853e+13 7.24972952e+13 1.46420547e+13
  8.31114423e+11 3.97979338e+11 1.61285849e+11 1.43079167e+11]
 [5.16038061e+11 4.49586819e+12 2.00010996e+12 2.73528049e+12
  1.36351608e+13 6.24020322e+13 1.80119769e+14 2.64447006e+14
  3.28975729e+14 6.57620485e+14 6.32858099e+14 2.56967809e+14
  1.48565043e+14 1.93202917e+14 1.21413712e+14 2.14862320e+13
  1.82375352e+12 1.33453664e+12 4.83598309e+12 4.89917214e+11]
 [1.69854625e+12 7.26984476e+12 1.15679808e+12 2.11780320e+12
  3.03969980e+13 2.57548665e+14 6.54793379e+14 4.65002389e+14
  2.46694472e+14 3.96892827e+14 8.67064461e+14 7.67573688e+14
  6.44206532e+14 5.16449369e+14 1.24358336e+14 1.14419673e+13
  2.08366370e+12 3.43122083e+12 1.86245720e+13 1.80587323e+12]
 [3.76698469e+12 9.76818746e+12 1.24441742e+11 1.40201974e+12
  4.76628801e+13 4.62105275e+14 1.10349339e+15 6.37726892e+14
  1.37784153e+14 8.05232380e+13 1.05531819e+15 1.22421776e+15
  1.15952013e+15 8.32519737e+14 1.21138029e+14 4.12302812e+10
  2.08295499e+12 5.54023304e+12 3.14571553e+13 4.09706951e+12]
 [4.26824628e+12 1.36259426e+13 1.80795865e+12 3.16482850e+12
  5.16180963e+13 4.28839722e+14 1.00227321e+15 6.77961748e+14
  3.89284312e+14 6.14121462e+14 1.28015894e+15 1.12677008e+15
  1.06277684e+15 8.23270866e+14 1.84963990e+14 1.76067433e+13
  3.69828261e+12 5.63084762e+12 2.80878726e+13 4.54128717e+12]
 [2.34080213e+12 1.71810813e+13 5.36305974e+12 6.50265317e+12
  4.10621904e+13 1.84436030e+14 4.47488448e+14 5.89642823e+14
  8.78266483e+14 1.72738644e+15 1.46054568e+15 5.80688342e+14
  4.28052104e+14 5.19200273e+14 2.85625714e+14 5.51408601e+13
  6.23431465e+12 3.79460613e+12 1.14630997e+13 2.22912009e+12]
 [8.03061397e+11 1.58946965e+13 6.57057706e+12 7.56177316e+12
  2.88882790e+13 2.32867503e+13 7.95481770e+13 4.72467100e+14
  1.02351944e+15 2.10776114e+15 1.39129968e+15 2.03488308e+14
  1.71846988e+13 2.79189993e+14 3.07793365e+14 6.82872571e+13
  6.52116967e+12 2.23198529e+12 6.83546356e+11 5.41539328e+11]
 [6.62055483e+11 9.80984896e+12 4.13847280e+12 5.07904882e+12
  2.20234247e+13 5.89002602e+13 1.64377413e+14 3.83479438e+14
  6.56488393e+14 1.34178970e+15 1.03092407e+15 2.64673601e+14
  1.23331744e+14 2.58960180e+14 2.14664201e+14 4.33498028e+13
  3.98680625e+12 1.92161141e+12 3.70149734e+12 5.62496179e+11]
 [7.81932702e+11 3.92216254e+12 1.18768041e+12 1.87314329e+12
  1.58110030e+13 1.14520693e+14 3.20693401e+14 2.88997364e+14
  2.16575326e+14 3.97850687e+14 5.84599438e+14 4.08438967e+14
  2.87728011e+14 2.63768412e+14 9.50797505e+13 1.25264520e+13
  1.36752521e+12 1.73670194e+12 9.26444703e+12 8.08885126e+11]
 [9.73422821e+11 1.04726137e+12 7.25297328e+10 3.88813266e+11
  7.93033558e+12 7.54750271e+13 2.36985854e+14 1.64153109e+14
  3.41132363e+13 3.14566129e+13 2.58447499e+14 3.08707228e+14
  2.02292800e+14 1.57415107e+14 3.02370067e+13 5.83846082e+11
  2.87453691e+11 9.66662705e+11 7.61805850e+12 1.05523705e+12]
 [7.25007223e+11 1.76411754e+11 3.55387233e+10 1.47701793e+11
  2.16934262e+12 1.80149735e+13 6.80458592e+13 5.43498261e+13
  1.23512311e+13 1.36251795e+13 8.24367499e+13 1.00386188e+14
  5.29927247e+13 4.18083502e+13 1.00694223e+13 3.94661647e+11
  6.19409606e+10 2.48154312e+11 2.50538440e+12 7.82796534e+11]
 [1.00787040e+11 7.19121837e+09 1.42580216e+10 3.43706816e+10
  1.61603383e+11 6.61831105e+11 3.35821920e+12 4.84236230e+12
  3.04087005e+12 4.56834927e+12 8.46063767e+12 6.39169944e+12
  2.34663236e+12 2.19976025e+12 1.44244531e+12 2.37749071e+11
  4.75192263e+09 1.33344869e+10 1.48758442e+11 1.02221708e+11]
 [4.67260012e+10 5.17010459e+09 1.04862380e+10 2.97268672e+10
  7.46858808e+10 4.12324957e+10 3.78949119e+11 2.27143079e+12
  2.54747907e+12 2.90165262e+12 4.33902906e+12 1.39450359e+12
  1.87609237e+11 4.31773526e+11 9.26736837e+11 2.58022920e+11
  1.35003863e+09 3.07752205e+09 1.69564220e+10 3.68748798e+10]
 [4.34529933e+11 1.47910039e+11 5.34712715e+10 2.05348652e+11
  6.22780796e+11 4.70824532e+10 1.09665911e+12 1.37536465e+13
  1.79132392e+13 9.83392834e+12 2.10307918e+13 7.39015238e+12
  5.50470964e+11 1.05950634e+12 4.91526307e+12 2.05416260e+12
  2.36558921e+10 1.25301270e+10 6.29277866e+10 3.14102002e+11]
 [2.29840605e+12 5.67601826e+11 5.15572663e+10 2.37712931e+11
  1.85152679e+12 4.92032100e+11 3.71509149e+12 2.24024546e+13
  2.31141240e+13 3.61494612e+12 1.77680984e+13 2.96863408e+13
  1.08422020e+13 2.48170740e+11 4.35684305e+12 2.51613255e+12
  1.01383521e+11 3.40464029e+10 9.49677617e+11 2.26599759e+12]]