[[1.92894093e+12 4.01214174e+11 3.48192575e+10 1.79634533e+11
  1.65226791e+12 4.77717749e+11 3.33606955e+12 1.68271718e+13
  1.55626348e+13 2.57607830e+12 1.48799993e+13 2.83598798e+13
  1.02381208e+13 2.00455904e+11 3.00856405e+12 1.72027854e+12
  7.92890686e+10 3.12471225e+10 9.19920054e+11 1.96792973e+12]
 [1.11221555e+12 3.94125812e+10 1.29703506e+10 1.72126664e+11
  1.68597506e+12 6.45293227e+11 7.97910017e+12 8.48731223e+12
  2.95978964e+12 5.14458067e+12 3.51395222e+13 4.83120844e+13
  1.08985202e+13 1.64395576e+12 9.45184278e+11 6.48685406e+11
  2.50813998e+10 4.45895209e+10 1.25142429e+12 1.31356201e+12]
 [1.16891765e+11 5.03529130e+08 1.65981105e+09 3.08594930e+10
  2.54752240e+11 4.61626091e+11 2.31534482e+12 1.12016013e+12
  5.25732276e+10 1.70021817e+12 9.34492816e+12 9.85637436e+12
  2.21721272e+12 6.51399090e+11 1.92102560e+10 7.07226062e+10
  1.81696783e+09 1.33824637e+10 2.22327003e+11 1.44155199e+11]
 [1.02009026e+11 2.15592762e+09 6.25178834e+09 4.84298516e+10
  3.49270458e+11 1.38124524e+12 4.60301329e+12 2.50981689e+12
  7.65179811e+11 4.49280930e+12 1.65057493e+13 1.41525640e+13
  4.00040319e+12 1.82756634e+12 3.46433487e+11 1.41818293e+11
  7.68212483e+09 2.95380753e+10 2.94375289e+11 1.21222694e+11]
 [3.50174044e+11 1.56980408e+11 1.40767401e+11 3.10851058e+11
  1.68113288e+12 8.96227219e+12 3.07076032e+13 3.45181678e+13
  2.52292381e+13 5.11695942e+13 8.69033840e+13 5.68932013e+13
  2.38629360e+13 2.15886517e+13 1.13616808e+13 1.89808947e+12
  9.94833934e+10 1.69783773e+11 1.18908539e+12 3.62526607e+11]
 [3.45763314e+11 1.32690365e+12 6.53860959e+11 5.91620887e+11
  7.52929903e+11 2.85918472e+12 5.07652442e+13 1.21902840e+14
  1.23363192e+14 1.66275977e+14 7.52439526e+13 6.87439482e+12
  2.42638110e+13 7.17650869e+13 5.24447303e+13 6.97377043e+12
  2.44528436e+11 4.94767274e+10 4.44873539e+11 2.95268928e+11]
 [4.44886122e+11 3.61304048e+12 1.33654220e+12 1.48059766e+12
  6.57307881e+12 3.75430844e+13 1.48889362e+14 2.23306577e+14
  2.38143162e+14 3.86486065e+14 3.11013063e+14 1.35320945e+14
  1.11433846e+14 1.66988984e+14 9.44491809e+13 1.37493875e+13
  9.49833656e+11 6.51447264e+11 3.14878295e+12 4.16623232e+11]
 [1.11511634e+12 4.06925998e+12 1.45387664e+12 4.00283190e+12
  4.30101654e+13 2.64174705e+14 4.88495539e+14 2.60850893e+14
  2.00861028e+14 7.45781796e+14 1.39802747e+15 8.92799988e+14
  5.46188275e+14 3.18494773e+14 7.45562796e+13 1.74655348e+13
  3.77570025e+12 4.53766101e+12 1.79080100e+13 1.26052612e+12]
 [2.51370549e+12 2.00570882e+12 1.07271137e+12 7.14638622e+12
  9.89410589e+13 6.05404082e+14 9.27326106e+14 2.49504056e+14
  4.69348967e+13 1.13160214e+15 2.82324037e+15 1.89703212e+15
  1.17732105e+15 4.79315484e+14 1.58383275e+13 1.79861364e+13
  8.03574194e+12 1.03229596e+13 3.78492659e+13 3.07787018e+12]
 [3.39554324e+12 2.88171341e+12 1.33701964e+12 7.99984476e+12
  1.13754806e+14 6.89105594e+14 1.03434096e+15 2.89455642e+14
  7.65698559e+13 1.30076518e+15 3.10638095e+15 2.07317481e+15
  1.34076659e+15 5.51749188e+14 2.56917253e+13 2.14274437e+13
  9.45061614e+12 1.17095139e+13 4.18145139e+13 4.13617497e+12]
 [2.67138690e+12 8.55008715e+12 2.51571417e+12 5.69728487e+12
  6.51490290e+13 3.89186639e+14 6.87541534e+14 3.96663992e+14
  3.68206762e+14 1.15792179e+15 1.87233785e+15 1.15750482e+15
  8.10204289e+14 4.96593778e+14 1.27835173e+14 2.87659709e+13
  6.25350500e+12 6.60771556e+12 2.39794169e+13 2.96368094e+12]
 [1.40013556e+12 1.17739191e+13 3.20992891e+12 2.89715130e+12
  1.24914369e+13 6.69097872e+13 2.87251547e+14 4.50109186e+14
  5.75201805e+14 8.71486583e+14 5.24758601e+14 1.85472736e+14
  2.22450253e+14 3.78946920e+14 2.05241198e+14 3.13293390e+13
  2.44059747e+12 1.13135115e+12 4.83526297e+12 1.27486990e+12]
 [7.25698386e+11 8.11908591e+12 2.44245153e+12 1.96005073e+12
  4.45316806e+12 2.04041569e+13 1.81933451e+14 3.59809763e+14
  4.45268776e+14 6.24541771e+14 2.77048117e+14 4.95370067e+13
  1.10792408e+14 2.71788771e+14 1.66191431e+14 2.37040329e+13
  1.37645680e+12 3.43374564e+11 1.89849894e+12 6.30012788e+11]
 [5.44784888e+11 2.69831442e+12 1.06718101e+12 2.07533307e+12
  1.65919724e+13 1.01500279e+14 2.36762818e+14 1.93505453e+14
  1.71105737e+14 4.19817212e+14 6.41155216e+14 3.89307817e+14
  2.27759271e+14 1.79788870e+14 6.77275874e+13 1.19976055e+13
  1.52498910e+12 1.76882006e+12 7.89964989e+12 5.78371046e+11]
 [6.31445487e+11 3.43647450e+11 2.59443099e+11 1.55820774e+12
  1.48088010e+13 9.07577753e+13 1.88022947e+14 7.17140506e+13
  2.29390411e+13 2.15384213e+14 6.10081495e+14 4.36180559e+14
  1.90995126e+14 9.05132320e+13 9.56237753e+12 4.22516316e+12
  9.29907705e+11 1.62950194e+12 8.44451747e+12 7.57821862e+11]
 [5.28074949e+11 2.70554317e+10 5.22795414e+10 5.64403649e+11
  4.83580306e+12 2.66464947e+13 6.38906544e+13 2.09694566e+13
  1.38277903e+12 6.21309351e+13 2.22475284e+14 1.73885202e+14
  6.07442058e+13 2.57270906e+13 5.53874708e+11 1.19040783e+12
  2.08905071e+11 5.05797719e+11 3.40984716e+12 6.50569031e+11]
 [9.70191011e+10 2.70894599e+09 7.16712850e+09 4.51474319e+10
  3.12284907e+11 1.23181433e+12 4.23332399e+12 2.68703291e+12
  1.04371750e+12 4.38357762e+12 1.48988578e+13 1.25949963e+13
  3.61268765e+12 1.78725251e+12 4.74956772e+11 1.51153076e+11
  7.05891456e+09 2.63384825e+10 2.63266843e+11 1.13143420e+11]
 [7.19541877e+10 3.40860301e+09 4.93053249e+09 1.50566897e+10
  6.56872132e+10 1.13131294e+11 9.45520463e+11 1.95407438e+12
  1.30154220e+12 1.35738379e+12 2.86375857e+12 2.31358237e+12
  6.85041602e+11 5.31619443e+11 5.49775026e+11 1.19140952e+11
  7.32908206e+08 3.26960895e+09 5.75973959e+10 7.13959927e+10]
 [6.28506360e+11 1.20673321e+11 2.87811836e+10 6.77209735e+10
  6.66108052e+10 1.15652993e+10 2.21870811e+12 1.36029632e+13
  1.13369959e+13 4.04196543e+12 4.20398319e+12 1.37855946e+10
  1.34813591e+12 1.32452452e+12 3.66586194e+12 1.01375020e+12
  6.78641388e+09 7.42279750e+08 5.20044784e+10 5.30380115e+11]
 [1.80632962e+12 4.40122140e+11 3.74083449e+10 1.61011030e+11
  1.23536833e+12 3.50298319e+11 2.87151334e+12 1.76174102e+13
  1.72765805e+13 2.50804902e+12 1.18117002e+13 2.04406554e+13
  8.14821515e+12 1.95724110e+11 3.34193207e+12 1.79709103e+12
  6.80394663e+10 2.28851674e+10 6.89018230e+11 1.76940765e+12]]