[[1.36186165e+12 2.97763430e+11 2.77648565e+10 1.46061784e+11
  1.29218902e+12 3.51174038e+11 2.35485085e+12 1.21545334e+13
  1.20993140e+13 2.09564624e+12 1.18781662e+13 2.13683304e+13
  7.30285488e+12 1.42204260e+11 2.26866197e+12 1.38497396e+12
  6.42034941e+10 2.41410600e+10 6.68404325e+11 1.38723253e+12]
 [5.08832105e+11 3.10962987e+10 2.77039561e+10 2.47297521e+11
  1.77581464e+12 5.10558055e+11 4.37737688e+12 3.67358037e+12
  6.26565189e+12 8.60843604e+12 4.15150955e+13 4.29715489e+13
  7.03358555e+12 6.92717323e+11 1.16686806e+12 1.28361211e+12
  3.35734921e+10 4.43403843e+10 9.27926674e+11 6.56455024e+11]
 [4.29841880e+10 2.51767621e+08 7.05120307e+09 5.36587745e+10
  3.04487197e+11 4.00255535e+11 1.23929100e+12 7.41214485e+10
  9.25134556e+11 3.71418570e+12 1.27367423e+13 9.75551892e+12
  1.50060350e+12 1.74201446e+11 1.19539270e+11 2.21680466e+11
  2.88081216e+09 1.49977701e+10 1.78725430e+11 6.52565948e+10]
 [4.33290747e+10 9.38487274e+08 1.61199598e+10 8.69791773e+10
  4.61698856e+11 1.34146839e+12 2.76096328e+12 4.91243069e+11
  1.81412291e+12 9.32160848e+12 2.44967280e+13 1.56593211e+13
  3.02880107e+12 6.04928890e+11 3.36604488e+11 3.43062405e+11
  1.28876408e+10 3.67947669e+10 2.65051238e+11 6.19885324e+10]
 [2.27785962e+11 9.02414454e+10 1.45140710e+11 4.55350572e+11
  2.51675231e+12 1.09012062e+13 2.44836132e+13 1.85340658e+13
  2.04439651e+13 6.83242231e+13 1.33029741e+14 7.70849353e+13
  2.30601407e+13 1.27991234e+13 7.20045410e+12 2.17292160e+12
  1.49689077e+11 2.47811942e+11 1.34949344e+12 2.59897228e+11]
 [3.23643576e+11 8.69734782e+11 3.43119243e+11 2.95638543e+11
  1.01332340e+12 1.01608948e+13 5.92926553e+13 9.00000173e+13
  6.98854551e+13 8.13235189e+13 5.26545446e+13 3.54160345e+13
  3.88768751e+13 6.13289852e+13 3.25749727e+13 3.54420986e+12
  1.29321674e+11 1.10985962e+11 1.14763733e+12 3.04878705e+11]
 [3.69426924e+11 2.59452700e+12 7.94474314e+11 7.37886269e+11
  3.55678744e+12 2.93247478e+13 1.27574594e+14 1.71162593e+14
  1.53075566e+14 2.04464962e+14 1.54083871e+14 9.23995414e+13
  9.55689173e+13 1.35385172e+14 6.54014564e+13 7.84559207e+12
  4.65216731e+11 3.79067245e+11 2.57844853e+12 3.52259368e+11]
 [5.99263701e+11 3.16040701e+12 2.06456140e+12 4.93710587e+12
  4.18917423e+13 2.01707513e+14 2.85488256e+14 1.51078335e+14
  2.54914675e+14 1.00250381e+15 1.49580433e+15 7.52785782e+14
  3.55253758e+14 1.68576382e+14 7.02321377e+13 2.48153352e+13
  4.43847464e+12 4.20967166e+12 1.29635204e+13 7.01422467e+11]
 [9.69088181e+11 1.41806763e+12 3.88676665e+12 1.17876956e+13
  1.13209919e+14 5.05836483e+14 4.92126550e+14 4.49446938e+13
  3.47875365e+14 2.31728106e+15 3.67494710e+15 1.80357660e+15
  7.75778117e+14 1.45989902e+14 4.67415936e+13 5.09028350e+13
  1.21233803e+13 1.10872989e+13 2.93914396e+13 1.40957335e+12]
 [1.30335492e+12 1.06626652e+12 4.71783094e+12 1.44372593e+13
  1.44434699e+14 6.36197239e+14 5.83259537e+14 2.37248831e+13
  4.04774780e+14 2.86074501e+15 4.47508516e+15 2.18588026e+15
  9.62000855e+14 1.53669697e+14 4.49144414e+13 6.22492153e+13
  1.56835018e+13 1.39611636e+13 3.57581210e+13 1.96355765e+12]
 [1.44099129e+12 4.52837505e+12 3.71652067e+12 9.49611700e+12
  9.22705390e+13 4.21263528e+14 4.77241219e+14 1.62990662e+14
  4.07544144e+14 1.95647192e+15 2.86882569e+15 1.41378564e+15
  6.91979357e+14 2.34452845e+14 8.76977989e+13 4.59008441e+13
  1.01910419e+13 8.93409827e+12 2.41480152e+13 1.81371433e+12]
 [1.18073823e+12 7.38425930e+12 2.07118353e+12 2.66911659e+12
  2.04314022e+13 1.19930306e+14 2.96452559e+14 3.05534747e+14
  3.52891752e+14 6.70614084e+14 6.83189270e+14 3.60386581e+14
  2.89811352e+14 2.92994313e+14 1.26074051e+14 2.11775750e+13
  2.51123196e+12 2.03033236e+12 7.90032775e+12 1.17915208e+12]
 [6.73278207e+11 5.63394485e+12 1.22475925e+12 5.53431673e+11
  5.12023839e+11 2.70119565e+13 1.91770694e+14 2.79627875e+14
  2.57235554e+14 2.34991284e+14 3.67112817e+13 4.17448833e+13
  1.33665747e+14 2.36984139e+14 1.08614036e+14 1.09175488e+13
  3.16707259e+11 7.68246183e+10 2.54181557e+12 6.20843621e+11]
 [3.50439721e+11 2.03583396e+12 1.02329877e+12 2.01414939e+12
  1.43091547e+13 7.51589870e+13 1.54437949e+14 1.32450339e+14
  1.52438983e+14 4.15468490e+14 5.83804648e+14 3.06561740e+14
  1.54770948e+14 1.16637871e+14 5.42089667e+13 1.17481165e+13
  1.45330192e+12 1.48007237e+12 5.67111843e+12 3.72930544e+11]
 [2.69345553e+11 2.69185163e+11 6.78180319e+11 2.36987044e+12
  1.60982114e+13 7.31524796e+13 1.01253021e+14 2.48037819e+13
  6.89318343e+13 3.92204237e+14 7.48811646e+14 3.97407783e+14
  1.23732206e+14 3.38695905e+13 1.46134582e+13 9.66740743e+12
  1.30676530e+12 1.66786640e+12 6.35516225e+12 3.63992414e+11]
 [1.93973326e+11 1.08863444e+10 2.20311843e+11 9.99457777e+11
  5.90237289e+12 2.35744151e+13 3.46278378e+13 9.34020548e+11
  2.02175208e+13 1.37715222e+14 3.09493309e+14 1.75732806e+14
  4.18302941e+13 6.73777564e+12 2.67354375e+12 3.74945621e+12
  3.37669459e+11 5.78903836e+11 2.79514181e+12 2.96708704e+11]
 [4.42774820e+10 1.27625781e+09 1.53423711e+10 7.99353201e+10
  4.22005628e+11 1.23438033e+12 2.64794742e+12 7.21450205e+11
  1.81676788e+12 8.63011503e+12 2.24051603e+13 1.43459771e+13
  2.83147922e+12 6.63974383e+11 3.90437189e+11 3.22266883e+11
  1.18170001e+10 3.36420429e+10 2.44800586e+11 6.09560109e+10]
 [5.15252234e+10 2.02611800e+09 4.27269947e+09 1.97469967e+10
  1.01580900e+11 1.50510467e+11 8.20528845e+11 1.15739264e+12
  9.36994680e+11 1.54386546e+12 4.30069979e+12 3.39542282e+12
  7.20828643e+11 3.49636220e+11 3.41769307e+11 1.13816714e+11
  1.01845776e+09 5.03305206e+09 7.14914649e+10 5.59580558e+10]
 [6.00768022e+11 8.07284357e+10 1.42725290e+10 2.32497672e+10
  3.78982628e+10 5.64037131e+10 2.61639625e+12 1.03189127e+13
  6.34520126e+12 1.62830714e+12 1.24867164e+12 2.24633438e+12
  2.17306477e+12 1.16057100e+12 2.30643920e+12 4.70340654e+11
  2.14371947e+09 1.13543319e+09 1.47140853e+11 5.56365319e+11]
 [1.38516570e+12 3.21527495e+11 2.55654064e+10 1.06096969e+11
  8.44768619e+11 2.59860266e+11 2.21283369e+12 1.31810687e+13
  1.21155895e+13 1.66498546e+12 7.88439612e+12 1.46908257e+13
  6.23922963e+12 1.49134663e+11 2.40829504e+12 1.21385529e+12
  4.48773004e+10 1.59015937e+10 5.18094260e+11 1.36186165e+12]]