[[1.26078017e+12 3.16043529e+11 2.74524627e+10 1.18169830e+11
  8.83061511e+11 2.42783784e+11 1.98788971e+12 1.25051381e+13
  1.25935314e+13 1.84667711e+12 8.55400150e+12 1.43116180e+13
  5.61909800e+12 1.37346432e+11 2.41325917e+12 1.32166062e+12
  4.97634285e+10 1.62397653e+10 4.75996625e+11 1.22959327e+12]
 [3.63768294e+11 7.51967032e+10 1.98381944e+10 5.59384302e+10
  1.09736465e+11 1.53842655e+10 1.26925742e+12 8.20557384e+12
  7.47344122e+12 3.05059428e+12 4.50931377e+12 1.12934100e+12
  8.04383724e+11 7.76223227e+11 2.32600605e+12 7.17799284e+11
  5.98153378e+09 1.99187084e+09 4.15258169e+10 3.04345878e+11]
 [7.51854956e+10 2.23863034e+09 3.03546367e+09 1.44301554e+10
  9.25679140e+10 1.74750311e+11 1.16477712e+12 1.52759245e+12
  7.56235447e+11 1.06864597e+12 3.56661638e+12 3.58287801e+12
  9.56786941e+11 5.04509530e+11 3.37668882e+11 7.85480363e+10
  7.74085655e+08 4.82078929e+09 8.70788323e+10 8.11177831e+10]
 [1.33299242e+11 2.64700887e+09 3.61006189e+09 4.25151511e+10
  3.62263369e+11 1.58656142e+12 5.79595548e+12 3.38714148e+12
  4.50849103e+11 3.49972298e+12 1.62382073e+13 1.56575860e+13
  4.85465329e+12 2.43017369e+12 3.56781045e+11 9.18705574e+10
  7.05680097e+09 3.13664906e+10 3.44541075e+11 1.55619470e+11]
 [7.42324098e+11 6.65266921e+10 2.43539203e+10 5.00047088e+11
  5.02196960e+12 3.07753639e+13 8.34473486e+13 3.61453976e+13
  1.32601981e+10 4.87656682e+13 2.19599057e+14 1.92754067e+14
  7.50812448e+13 3.80634419e+13 2.18455571e+12 7.31677601e+11
  1.93267848e+11 5.37615481e+11 4.02533494e+12 8.79810870e+11]
 [7.74523806e+11 5.10756324e+11 1.77088959e+11 1.27764605e+12
  1.38477754e+13 9.36861635e+13 2.17102754e+14 9.96332999e+13
  2.01185045e+13 1.63583497e+14 5.45358069e+14 4.33240842e+14
  2.09969791e+14 1.15284376e+14 1.35003932e+13 2.94316531e+12
  7.87868683e+11 1.55648428e+12 8.89744111e+12 9.01186028e+11]
 [4.70484642e+11 2.18855245e+12 7.90748130e+11 1.55746418e+12
  1.32190936e+13 8.53120371e+13 2.04838836e+14 1.62644367e+14
  1.30295815e+14 3.10021613e+14 4.98461906e+14 3.20967965e+14
  1.95657098e+14 1.54410154e+14 5.37376352e+13 8.83583826e+12
  1.15739354e+12 1.42654551e+12 6.69711891e+12 5.00583239e+11]
 [3.93408250e+11 5.22956124e+12 1.73520397e+12 1.49158026e+12
  3.02096749e+12 3.86760626e+12 8.66094884e+13 2.19662610e+14
  3.05518530e+14 4.64387426e+14 2.10019781e+14 1.31387868e+13
  4.21401635e+13 1.54552019e+14 1.09580717e+14 1.71203734e+13
  1.05495648e+12 1.96992488e+11 4.74011437e+11 3.23237077e+11]
 [1.17227215e+12 7.37394128e+12 2.08285733e+12 2.68976016e+12
  2.04909102e+13 1.19389466e+14 2.94129865e+14 3.04248835e+14
  3.53995720e+14 6.75820402e+14 6.86948403e+14 3.59772378e+14
  2.87687975e+14 2.91120416e+14 1.26095187e+14 2.13179190e+13
  2.52944424e+12 2.03311814e+12 7.85521972e+12 1.17014947e+12]
 [3.43040301e+12 6.69192884e+12 1.39007756e+12 5.45396400e+12
  8.01805022e+13 5.30111339e+14 9.31985776e+14 4.11318650e+14
  1.87315617e+14 9.23348345e+14 2.13952840e+15 1.53252278e+15
  1.11831007e+15 6.06556487e+14 8.35788800e+13 1.80094394e+13
  6.43060389e+12 8.37536364e+12 3.29536128e+13 3.92920379e+12]
 [4.82719145e+12 4.89856017e+12 5.97012144e+11 7.27741083e+12
  1.23019668e+14 8.28998906e+14 1.38874664e+15 4.63587194e+14
  1.46849247e+13 1.03077760e+15 3.18328396e+15 2.39619884e+15
  1.71715864e+15 8.12775299e+14 3.76186179e+13 1.28452885e+13
  9.02265387e+12 1.29714794e+13 5.13554386e+13 5.71071517e+12]
 [3.32018072e+12 4.28346010e+12 6.44865304e+11 6.05482092e+12
  9.66841100e+13 6.56031937e+14 1.13715608e+15 4.02052206e+14
  4.12949611e+13 8.71447381e+14 2.63100784e+15 1.97414535e+15
  1.36545587e+15 6.66385255e+14 4.08718494e+13 1.19282541e+13
  7.06569382e+12 1.03136682e+13 4.19182769e+13 3.90966494e+12]
 [1.14453680e+12 3.94827117e+12 1.07005746e+12 3.10930272e+12
  3.70035453e+13 2.46799854e+14 4.90374758e+14 2.67909188e+14
  1.60844527e+14 5.55569285e+14 1.15814585e+15 8.08519291e+14
  5.33573859e+14 3.29179607e+14 6.83487463e+13 1.27303173e+13
  3.00013719e+12 3.97554754e+12 1.69922413e+13 1.28125191e+12]
 [2.77794980e+11 2.47795487e+12 9.71983422e+11 1.08648039e+12
  4.38884608e+12 2.15747847e+13 8.91029016e+13 1.48115075e+14
  1.69977751e+14 2.84954017e+14 2.19227162e+14 8.14030712e+13
  6.43599550e+13 1.06553068e+14 6.57612301e+13 1.00685742e+13
  6.91087682e+11 4.19925033e+11 1.79528822e+12 2.54820306e+11]
 [2.23485950e+11 8.21840412e+11 4.42466593e+11 5.12185080e+11
  1.45949923e+12 6.08984660e+12 3.63240613e+13 7.51641710e+13
  7.95632811e+13 1.26650313e+14 9.29916478e+13 2.83117022e+13
  2.17792434e+13 4.51875311e+13 3.27956512e+13 4.87737122e+12
  2.32199130e+11 1.33068799e+11 6.43600167e+11 1.98373651e+11]
 [3.99180064e+11 1.07632553e+11 8.38915354e+10 2.99253324e+11
  2.24157091e+12 1.31519556e+13 3.97427806e+13 2.95398356e+13
  1.41288630e+13 4.05218936e+13 1.04932134e+14 8.24051498e+13
  3.34531539e+13 2.25903642e+13 7.04761459e+12 1.22967600e+12
  1.04554492e+11 2.34906734e+11 1.73400616e+12 4.42153327e+11]
 [1.42924055e+11 2.47204408e+09 2.99419017e+09 4.51145701e+10
  3.94860938e+11 1.73547845e+12 6.28286402e+12 3.47354168e+12
  2.85972321e+11 3.58187364e+12 1.75973186e+13 1.71267112e+13
  5.29226993e+12 2.58090180e+12 2.98950964e+11 8.53016329e+10
  7.56206716e+09 3.42489445e+10 3.76638024e+11 1.67895284e+11]
 [1.61863309e+11 1.31951866e+09 8.34811999e+08 2.69447361e+10
  2.59202180e+11 5.22046672e+11 2.96893857e+12 1.93416044e+12
  1.69244298e+10 1.32648390e+12 9.04839965e+12 1.06973723e+13
  2.68615686e+12 9.52349848e+11 9.89370158e+10 4.44758532e+10
  1.65298433e+09 1.39312730e+10 2.57042895e+11 1.91669608e+11]
 [1.29677042e+12 4.94873070e+10 9.20013289e+09 1.38619548e+11
  1.53697862e+12 6.46932872e+11 8.85612593e+12 1.06996671e+13
  2.51466237e+12 3.87984606e+12 3.06746405e+13 4.66851476e+13
  1.15839547e+13 1.97053456e+12 1.10181536e+12 4.60901732e+11
  2.08141486e+10 4.14930391e+10 1.27905844e+12 1.49432845e+12]
 [1.49727891e+12 3.03733768e+11 2.57104374e+10 1.32918183e+11
  1.25049994e+12 3.69765032e+11 2.59974509e+12 1.28904122e+13
  1.15789834e+13 1.89784038e+12 1.11491736e+13 2.17811700e+13
  7.97798593e+12 1.55037988e+11 2.26325756e+12 1.26760737e+12
  5.88840158e+10 2.37728960e+10 7.14235595e+11 1.53123178e+12]]