[[3.96485177e+11 9.40245386e+10 7.03243335e+09 2.58387477e+10
  1.91713918e+11 6.39990849e+10 6.13944873e+11 3.86022775e+12
  3.44757458e+12 4.26811239e+11 1.80906306e+12 3.45368682e+12
  1.65909695e+12 4.31675480e+10 7.00096925e+11 3.26666604e+11
  1.06666010e+10 3.62856092e+09 1.31042272e+11 3.84575735e+11]
 [1.96320545e+11 1.98555606e+10 7.39732461e+09 4.74371703e+10
  3.17600340e+11 9.94366721e+10 1.23331371e+12 2.48526187e+12
  2.22954062e+12 1.79750345e+12 7.48962916e+12 7.92267712e+12
  1.61910161e+12 3.28449632e+11 6.16016988e+11 3.08650827e+11
  6.25934393e+09 7.96394433e+09 1.88691275e+11 2.14232840e+11]
 [3.30043909e+10 4.83991223e+08 4.70952597e+09 3.36865905e+10
  1.89389274e+11 2.51819025e+11 8.39456107e+11 2.37041776e+11
  6.81353578e+11 2.36157763e+12 7.93087109e+12 6.09162080e+12
  9.70488155e+11 1.57495257e+11 1.25243668e+11 1.44603561e+11
  1.80152152e+09 9.33351607e+09 1.13166546e+11 4.63523907e+10]
 [4.55714552e+10 4.61860451e+08 1.88257175e+10 1.06294144e+11
  5.68039041e+11 1.63679704e+12 3.19100773e+12 1.53342408e+11
  1.96936927e+12 1.12866398e+13 3.01149522e+13 1.92115304e+13
  3.62198756e+12 5.60402521e+11 2.77098331e+11 4.07677147e+11
  1.57941555e+10 4.52519243e+10 3.21899676e+11 6.91523425e+10]
 [2.14139714e+11 1.38012954e+10 2.40601888e+11 1.08682945e+12
  6.41438504e+12 2.56389694e+13 3.78554217e+13 1.43254987e+12
  2.22435115e+13 1.49882650e+14 3.36365341e+14 1.91026636e+14
  4.55791981e+13 7.55076735e+12 3.04498371e+12 4.08792758e+12
  3.67092618e+11 6.29144223e+11 3.04124088e+12 3.25517835e+11]
 [1.99348021e+11 1.46511078e+11 5.47462866e+11 2.00026304e+12
  1.36835302e+13 6.16436436e+13 8.09585095e+13 1.25486597e+13
  5.22668227e+13 3.27909295e+14 6.35959587e+14 3.36794161e+14
  1.02172630e+14 2.30765469e+13 9.36666088e+12 7.93402344e+12
  1.10621261e+12 1.41711266e+12 5.32976161e+12 2.82183957e+11]
 [1.26580864e+11 6.65558699e+11 4.13870649e+11 9.43172806e+11
  6.96294620e+12 3.49163070e+13 6.12679434e+13 4.29329409e+13
  5.62484014e+13 1.86418471e+14 2.82687754e+14 1.46653898e+14
  6.64248770e+13 4.01957736e+13 1.82955585e+13 4.95003728e+12
  6.91003520e+11 7.18476074e+11 2.57767574e+12 1.41067594e+11]
 [1.83556332e+11 1.46207106e+12 3.72752187e+11 3.28058692e+11
  1.79139941e+12 1.44467324e+13 5.68589438e+13 7.23360680e+13
  7.11650854e+13 9.56917903e+13 6.83348257e+13 3.99088295e+13
  4.58605462e+13 6.29206902e+13 2.85574483e+13 3.57832517e+12
  2.52042281e+11 1.86033339e+11 1.11956718e+12 1.75193981e+11]
 [5.80091295e+11 1.74250357e+12 1.90564710e+12 5.20869966e+12
  4.92027351e+13 2.24368949e+14 2.46689674e+14 6.65229109e+13
  1.97025621e+14 1.04700231e+15 1.60034051e+15 7.89373520e+14
  3.60832034e+14 1.05576380e+14 3.89000363e+13 2.40175633e+13
  5.32007817e+12 4.82334674e+12 1.31840904e+13 7.58722799e+11]
 [1.27984680e+12 1.25196233e+12 4.54099445e+12 1.37812769e+13
  1.37704938e+14 6.07462071e+14 5.62484804e+14 3.16641584e+13
  3.95028255e+14 2.73533930e+15 4.26718369e+15 2.08509389e+15
  9.21913974e+14 1.54847604e+14 4.64316967e+13 5.97240507e+13
  1.49632593e+13 1.33115875e+13 3.41718149e+13 1.90628783e+12]
 [1.47945924e+12 8.87976508e+11 5.49960145e+12 1.70102352e+13
  1.70438407e+14 7.49308989e+14 6.78198412e+14 1.37685513e+13
  4.63313676e+14 3.36338031e+15 5.27981059e+15 2.57775065e+15
  1.12774685e+15 1.68220088e+14 4.73220728e+13 7.28661241e+13
  1.84905904e+13 1.64732420e+13 4.20704054e+13 2.26324312e+12]
 [8.87044909e+11 1.11525311e+12 3.64380032e+12 1.11675467e+13
  1.07422071e+14 4.79050271e+14 4.60257894e+14 3.30371742e+13
  3.20716854e+14 2.19065503e+15 3.48642087e+15 1.71024164e+15
  7.31276371e+14 1.29910838e+14 4.05510456e+13 4.79130048e+13
  1.14931282e+13 1.05195127e+13 2.78049297e+13 1.30763006e+12]
 [2.90898715e+11 1.20201778e+12 1.17673896e+12 3.19272041e+12
  2.77575368e+13 1.29738215e+14 1.59146902e+14 5.58174941e+13
  1.28392019e+14 6.28749052e+14 9.88184258e+14 4.93608542e+14
  2.14773381e+14 7.42446067e+13 2.93562245e+13 1.47504307e+13
  2.89909635e+12 2.78529025e+12 8.20966435e+12 3.67148109e+11]
 [9.90439429e+10 7.24296413e+11 1.94804965e+11 1.09155051e+11
  2.15741151e+11 4.66769898e+12 3.19479564e+13 4.79074528e+13
  4.05519011e+13 3.98710740e+13 1.17808270e+13 1.00016628e+13
  2.12961589e+13 3.70924287e+13 1.80626286e+13 1.81288911e+12
  5.64420112e+10 2.60248046e+10 4.73669677e+11 9.18249227e+10]
 [1.20600227e+11 2.09649349e+11 2.26691273e+11 6.44785324e+11
  4.21763020e+12 2.00719324e+13 3.51609021e+13 2.09263547e+13
  2.87529761e+13 1.11994611e+14 1.97084413e+14 1.05815110e+14
  3.74888297e+13 1.85310406e+13 8.99285891e+12 3.01172809e+12
  3.50042590e+11 4.37949337e+11 1.78697678e+12 1.41363866e+11]
 [1.65101639e+11 2.21442260e+10 1.68636608e+11 7.31263998e+11
  4.28987834e+12 1.72752017e+13 2.67835159e+13 3.69414994e+12
  1.66599743e+13 1.01688810e+14 2.25118212e+14 1.28081578e+14
  3.12710241e+13 6.54739874e+12 2.95077294e+12 2.82058827e+12
  2.46369106e+11 4.20911766e+11 2.05773698e+12 2.37825903e+11]
 [4.69469194e+10 4.26349235e+08 1.95701440e+10 1.10897193e+11
  5.92946891e+11 1.70747051e+12 3.31435880e+12 1.23760866e+11
  2.03458757e+12 1.17668998e+13 3.14335298e+13 2.00495465e+13
  3.77240270e+12 5.70176650e+11 2.78218658e+11 4.24394181e+11
  1.64817353e+10 4.72347559e+10 3.35676606e+11 7.16120050e+10]
 [4.53913559e+10 2.97446414e+08 7.36953363e+09 5.58474007e+10
  3.16714761e+11 4.16639927e+11 1.29651372e+12 9.78417828e+10
  9.73793836e+11 3.86892107e+12 1.32491672e+13 1.01498596e+13
  1.56489749e+12 1.86535951e+11 1.29868558e+11 2.31312710e+11
  2.99755039e+09 1.56005910e+10 1.86119988e+11 6.85032784e+10]
 [3.29654142e+11 1.46375284e+10 2.02559362e+10 1.93848832e+11
  1.40815816e+12 3.99158820e+11 3.15533462e+12 1.63133884e+12
  4.19102440e+12 6.64538317e+12 3.28746087e+13 3.39085496e+13
  5.32419531e+12 4.05896054e+11 6.39732913e+11 9.62420739e+11
  2.64439637e+10 3.51366818e+10 7.19875707e+11 4.52665543e+11]
 [4.30282771e+11 9.15261240e+10 9.13808265e+09 5.19551218e+10
  4.72474159e+11 1.24262210e+11 7.68949383e+11 3.72831829e+12
  3.84888696e+12 7.25916272e+11 4.32683748e+12 7.71445712e+12
  2.46988069e+12 4.43147762e+10 7.03002866e+11 4.64224902e+11
  2.30781407e+10 8.81057936e+09 2.33301258e+11 4.45014004e+11]]