[[2.68910315e+12 5.64967103e+11 4.45761598e+10 2.06252045e+11
  1.86721060e+12 5.82858238e+11 4.51095522e+12 2.39227737e+13
  2.08816991e+13 3.06662370e+12 1.66952981e+13 3.33166438e+13
  1.33147649e+13 2.82499665e+11 4.18487677e+12 2.14623062e+12
  8.99059714e+10 3.56643922e+10 1.14680577e+12 2.70701759e+12]
 [1.99045251e+12 1.45021663e+11 1.11303454e+10 2.75358984e+10
  6.66981233e+11 4.95091239e+11 1.10027671e+13 2.39191258e+13
  7.18212651e+12 9.29848568e+11 9.85253699e+12 2.91477281e+13
  1.18422466e+13 3.40896148e+12 3.58529202e+12 3.02416174e+11
  4.75134619e+09 2.05946802e+10 1.08150231e+12 2.06519018e+12]
 [1.93902712e+11 5.24797289e+09 1.84390365e+09 2.39107165e+09
  7.60632294e+10 2.83633297e+11 2.75194459e+12 4.03076230e+12
  9.99643690e+11 1.22939869e+11 1.85016407e+12 4.67644011e+12
  1.99689387e+12 1.33601992e+12 6.95145603e+11 2.73031967e+10
  2.02431550e+08 4.74995484e+09 1.55409167e+11 2.01577694e+11]
 [1.22100857e+11 7.79334417e+09 1.23950023e+10 2.71992502e+10
  1.49267012e+11 7.36812973e+11 4.07825274e+12 5.58629502e+12
  2.89351593e+12 3.62775858e+12 7.22295615e+12 6.66152734e+12
  2.79473701e+12 2.63740214e+12 1.50092239e+12 1.98566020e+11
  3.82359916e+09 1.28528358e+10 1.70274681e+11 1.24337017e+11]
 [1.79299079e+11 2.01689426e+11 2.80548794e+11 5.62252357e+11
  1.92224625e+12 5.00015246e+12 1.20510780e+13 3.16628452e+13
  4.54342907e+13 1.01312377e+14 1.23584465e+14 4.30960088e+13
  9.24797753e+12 1.34185660e+13 1.67953388e+13 3.85058205e+12
  1.67947670e+11 1.70459478e+11 5.69974558e+11 1.59199259e+11]
 [7.54974376e+10 1.15930998e+12 1.14644565e+12 2.00253013e+12
  7.19296329e+12 1.20781950e+13 3.12699869e+12 7.21593497e+13
  1.68021965e+14 4.26192014e+14 4.36454198e+14 1.07011228e+14
  4.85106394e+12 2.40974943e+13 5.40221850e+13 1.38881002e+13
  9.73859896e+11 6.39203841e+11 7.36671285e+11 3.72068989e+10]
 [4.64684444e+11 3.99460795e+12 1.91574240e+12 2.87491053e+12
  1.53971710e+13 6.87972174e+13 1.70355826e+14 2.32336575e+14
  3.04406794e+14 6.66320584e+14 6.98651760e+14 2.91288074e+14
  1.50072067e+14 1.71363509e+14 1.09121518e+14 2.09731685e+13
  1.95165491e+12 1.51668033e+12 5.20083760e+12 4.50388030e+11]
 [1.90955123e+12 9.60908255e+12 1.48317232e+12 1.61227810e+12
  2.32494406e+13 2.31855904e+14 6.90698118e+14 5.77394032e+14
  3.41111383e+14 3.63535922e+14 6.31588543e+14 6.47466717e+14
  6.38260932e+14 6.00448206e+14 1.68790247e+14 1.33678815e+13
  1.52128332e+12 2.71054502e+12 1.73286146e+13 1.96829323e+12]
 [4.41593185e+12 1.58365027e+13 8.83316578e+11 2.71061068e+11
  3.04270318e+13 4.01063697e+14 1.18412011e+15 8.82766587e+14
  3.57268393e+14 3.55329420e+12 5.36034045e+14 9.62030089e+14
  1.14549615e+15 1.02665901e+15 2.19910191e+14 4.47151957e+12
  6.72425225e+11 3.84164332e+12 2.85828959e+13 4.59659326e+12]
 [4.80504499e+12 1.81051265e+13 2.34032424e+12 2.38529602e+12
  3.92914555e+13 3.85594727e+14 1.05783985e+15 8.44536934e+14
  5.43411659e+14 5.60356135e+14 9.25523922e+14 9.48348839e+14
  1.05286509e+15 9.58974381e+14 2.52719684e+14 2.07060760e+13
  2.67306520e+12 4.43160365e+12 2.61127660e+13 4.95448522e+12]
 [2.12123511e+12 1.53489587e+13 5.14530600e+12 6.82150570e+12
  4.61041619e+13 2.02124550e+14 4.24760001e+14 5.21508498e+14
  8.15223703e+14 1.74937810e+15 1.60560220e+15 6.53668065e+14
  4.32106311e+14 4.63693401e+14 2.57911571e+14 5.38731386e+13
  6.65365980e+12 4.28513344e+12 1.22709784e+13 2.06010950e+12]
 [2.88908698e+11 1.10868464e+13 5.96933004e+12 8.45781753e+12
  4.25440255e+13 7.16492270e+13 1.56686343e+13 2.78325223e+14
  8.49624831e+14 2.16874346e+15 1.80272200e+15 4.11216312e+14
  2.82957193e+13 1.25375878e+14 2.29537420e+14 6.47771944e+13
  7.63871472e+12 3.57775662e+12 2.96078605e+12 1.45772926e+11]
 [4.66321772e+11 7.63991108e+12 3.83571955e+12 5.54798706e+12
  2.86536851e+13 8.27335334e+13 1.31071242e+14 2.79222025e+14
  5.68904808e+14 1.37273243e+15 1.24935766e+15 3.76087954e+14
  1.28847038e+14 1.81040672e+14 1.73448004e+14 4.15632747e+13
  4.50848492e+12 2.59012905e+12 4.90366117e+12 4.11831159e+11]
 [8.34921199e+11 4.43938076e+12 1.27473388e+12 1.72906803e+12
  1.39928980e+13 1.07921913e+14 3.30768186e+14 3.22130054e+14
  2.41926431e+14 3.88873614e+14 5.16711188e+14 3.73026090e+14
  2.86173009e+14 2.86303093e+14 1.07763276e+14 1.30558493e+13
  1.23555198e+12 1.54875957e+12 8.88797712e+12 8.49672749e+11]
 [1.13426969e+12 1.63740462e+12 2.07835284e+11 1.40262848e+11
  5.22285750e+12 6.58486211e+13 2.53689943e+14 2.23382702e+14
  7.44244363e+13 1.74172694e+13 1.41706473e+14 2.45170472e+14
  1.99926982e+14 1.92450874e+14 5.18425020e+13 1.46554908e+12
  1.20521714e+11 6.84565613e+11 6.94518093e+12 1.17904810e+12]
 [8.38621078e+11 2.64863637e+11 6.99710531e+10 7.37471665e+10
  1.48007984e+12 1.58181664e+13 7.26264982e+13 7.24863350e+13
  2.32088636e+13 1.00706688e+13 4.88711060e+13 8.07463566e+13
  5.23991250e+13 5.05806515e+13 1.62459848e+13 6.52158089e+11
  3.17111365e+10 1.80106279e+11 2.29350387e+12 8.70250217e+11]
 [1.03607599e+11 7.52444669e+09 1.45732702e+10 3.35232995e+10
  1.54450999e+11 6.45401229e+11 3.40338759e+12 5.05232715e+12
  3.15311922e+12 4.53699818e+12 8.10851032e+12 6.16027116e+12
  2.34110919e+12 2.27539459e+12 1.50745514e+12 2.40755324e+11
  4.59953322e+09 1.27609770e+10 1.46131470e+11 1.04392818e+11]
 [2.73586847e+10 3.83542116e+09 9.62735712e+09 3.28374236e+10
  1.02563053e+11 7.04476979e+10 2.51340124e+11 1.51810341e+12
  2.16371038e+12 2.97667782e+12 5.42192154e+12 2.24901995e+12
  2.04251094e+11 2.60430404e+11 7.22113876e+11 2.46133794e+11
  1.55215062e+09 4.45961960e+09 2.75628072e+10 2.19669873e+10]
 [1.97768477e+11 1.05509759e+11 4.87559534e+10 2.28688337e+11
  8.93955349e+11 1.07419258e+11 4.87212996e+11 8.50520776e+12
  1.49898680e+13 1.01079682e+13 2.69010405e+13 1.36043770e+13
  6.68280982e+11 5.40553484e+11 3.72358235e+12 1.95235580e+12
  2.75296979e+10 1.93358468e+10 1.50634698e+11 1.31856086e+11]
 [2.23469099e+12 5.46048646e+11 5.07375043e+10 2.42132878e+11
  1.92564428e+12 5.04911629e+11 3.66291121e+12 2.15417142e+13
  2.24791343e+13 3.63289636e+12 1.83862306e+13 3.07680802e+13
  1.08695718e+13 2.40009404e+11 4.20182166e+12 2.49339081e+12
  1.03912399e+11 3.54243245e+10 9.67603264e+11 2.21695326e+12]]