[[8.51986663e+11 1.66647303e+11 1.23955456e+10 5.87192413e+10
  5.76182433e+11 1.89551417e+11 1.45597338e+12 7.27825006e+12
  5.90434369e+12 8.55199095e+11 4.98603914e+12 1.06831069e+13
  4.34143042e+12 8.83997649e+10 1.21513423e+12 5.94944731e+11
  2.59810486e+10 1.11723018e+10 3.74233662e+11 8.66223711e+11]
 [3.56833107e+11 3.24190388e+10 5.91485103e+09 2.59763618e+10
  2.11185218e+11 1.00636727e+11 1.96036000e+12 4.67909052e+12
  2.40133792e+12 1.05361402e+12 4.40933227e+12 6.70645614e+12
  2.16682764e+12 6.22039640e+11 8.89520579e+11 2.16415373e+11
  3.44325165e+09 5.71692390e+09 2.10046860e+11 3.67543354e+11]
 [3.73891713e+10 4.35985391e+09 9.64961726e+09 3.00236997e+10
  8.59306463e+10 5.67089970e+10 3.29966487e+11 1.85236272e+12
  2.26482558e+12 2.81822999e+12 4.70414788e+12 1.80123371e+12
  2.08871199e+11 3.44411497e+11 7.95762560e+11 2.41745410e+11
  1.39411404e+09 3.67143313e+09 2.30435459e+10 3.02002634e+10]
 [4.13618742e+10 1.35101581e+10 4.77793581e+10 1.10071962e+11
  2.70028141e+11 2.20173104e+11 4.10504607e+11 5.82342000e+12
  8.77559845e+12 1.59830854e+13 1.98095217e+13 4.86032414e+12
  1.08408218e+11 1.40175746e+12 3.23167661e+12 8.28426548e+11
  1.40204395e+10 1.78061249e+10 2.71832942e+10 2.50847262e+10]
 [1.98211830e+11 4.62177757e+11 6.79091269e+11 1.24974768e+12
  3.34827978e+12 3.42690746e+12 3.71789664e+12 6.40396654e+13
  1.10235968e+14 2.35967357e+14 2.44590003e+14 5.15736245e+13
  2.38140762e+11 2.00735187e+13 3.97105456e+13 9.23838308e+12
  3.61468945e+11 2.70242122e+11 2.27522882e+11 1.11644328e+11]
 [2.35055727e+11 1.97869484e+12 1.65207710e+12 2.60289681e+12
  8.48983044e+12 1.34207204e+13 2.28318846e+13 1.40263489e+14
  2.55310920e+14 5.75547384e+14 5.35819112e+14 1.19120481e+14
  1.24545650e+13 5.97097910e+13 8.79871643e+13 1.95463377e+13
  1.24159316e+12 7.38823929e+11 8.74860715e+11 1.63298259e+11]
 [2.33928557e+11 2.30143689e+12 1.12975424e+12 1.61494073e+12
  7.81011020e+12 3.09934659e+13 7.99879299e+13 1.28684863e+14
  1.79784900e+14 3.84212722e+14 3.71211593e+14 1.36773031e+14
  6.72357731e+13 8.94567007e+13 6.36747417e+13 1.23046426e+13
  1.07801269e+12 7.49449104e+11 2.31537042e+12 2.18978288e+11]
 [3.92403834e+11 1.45047019e+12 6.08579579e+10 1.06240980e+11
  4.76144522e+12 5.35873461e+13 1.50297716e+14 1.02710366e+14
  3.09616440e+13 4.31255247e+12 1.05650183e+14 1.47620709e+14
  1.44189134e+14 1.18598847e+14 2.24995121e+13 2.56266556e+11
  1.58863893e+11 5.85950361e+11 3.99365502e+12 4.16984437e+11]
 [7.76297471e+11 8.41147936e+12 3.24498860e+12 4.16895928e+12
  2.28973436e+13 7.67463519e+13 1.63694743e+14 2.83339923e+14
  5.05731315e+14 1.09081056e+15 9.07927957e+14 2.89395595e+14
  1.52129488e+14 2.16099356e+14 1.57213567e+14 3.40565078e+13
  3.76284243e+12 2.04713011e+12 4.58704435e+12 7.04716864e+11]
 [1.22820153e+12 2.48045018e+13 1.08229637e+13 1.35893699e+13
  6.37553974e+13 9.33300054e+13 1.08170486e+14 6.45253187e+14
  1.62252649e+15 3.67204346e+15 2.69956855e+15 5.40040916e+14
  6.79471002e+13 3.70213786e+14 4.57054871e+14 1.14452119e+14
  1.26826190e+13 5.15637177e+12 3.79788207e+12 8.24232894e+11]
 [1.32396060e+12 3.33359935e+13 1.49677690e+13 1.87787377e+13
  8.52768473e+13 9.51651549e+13 6.16935798e+13 8.36834047e+14
  2.23036166e+15 5.08844821e+15 3.68241580e+15 6.65509389e+14
  2.97674409e+12 4.40563336e+14 6.20659798e+14 1.58525050e+14
  1.74738399e+13 6.77896739e+12 2.95555283e+12 7.40147273e+11]
 [9.23550792e+11 2.31136512e+13 1.07603799e+13 1.37456234e+13
  6.11751229e+13 8.00413004e+13 7.79140783e+13 6.41820427e+14
  1.60675522e+15 3.67006118e+15 2.73854188e+15 5.23919764e+14
  3.52001544e+13 3.44117320e+14 4.60583421e+14 1.14191668e+14
  1.21477785e+13 4.97046473e+12 3.02783444e+12 5.75414372e+11]
 [4.43898657e+11 7.54587920e+12 3.53711948e+12 4.71013544e+12
  2.18335411e+13 5.50789337e+13 1.09213284e+14 2.79549440e+14
  5.40360908e+14 1.20650290e+15 9.98448397e+14 2.63167708e+14
  9.08724458e+13 1.78171357e+14 1.69273120e+14 3.77227629e+13
  3.75439268e+12 1.91991740e+12 3.23754591e+12 3.71767059e+11]
 [2.20718408e+11 9.24679077e+11 1.82562528e+11 2.74562671e+11
  3.37398905e+12 3.06021234e+13 9.17644385e+13 7.54303812e+13
  4.00642278e+13 5.37081405e+13 1.08271582e+14 1.01970815e+14
  8.14804798e+13 7.31307195e+13 2.08743033e+13 1.78398027e+12
  2.16079344e+11 3.94075549e+11 2.53974790e+12 2.30578062e+11]
 [1.97278442e+11 4.98792051e+11 2.65131470e+11 4.24462856e+11
  2.26623434e+12 1.28828849e+13 4.12267058e+13 5.05763385e+13
  4.60049993e+13 8.86005421e+13 1.09850516e+14 6.02953693e+13
  3.28717581e+13 3.57969318e+13 1.93017583e+13 3.03905000e+12
  2.14477341e+11 2.36306616e+11 1.25267385e+12 1.96470327e+11]
 [1.74687040e+11 2.66627162e+11 3.67929269e+11 6.78306460e+11
  1.95146895e+12 3.31870092e+12 8.16497888e+12 3.98281768e+13
  6.05347252e+13 1.27277028e+14 1.36614464e+14 3.55429497e+13
  4.75446098e+12 1.47950282e+13 2.23994957e+13 4.98826538e+12
  1.97488590e+11 1.63374951e+11 3.32406672e+11 1.32301343e+11]
 [4.20217187e+10 1.43425083e+10 5.09980943e+10 1.17469678e+11
  2.86404439e+11 2.21087444e+11 3.60960075e+11 6.14010427e+12
  9.35613199e+12 1.70662036e+13 2.10893221e+13 5.07374780e+12
  6.09302567e+10 1.45317689e+12 3.43753458e+12 8.84488380e+11
  1.49543883e+10 1.88237358e+10 2.57140814e+10 2.45053196e+10]
 [4.33315080e+10 8.73229209e+09 2.11509038e+10 6.56390850e+10
  1.69644018e+11 5.88413731e+10 1.46387179e+11 3.34256388e+12
  4.86795040e+12 6.21770294e+12 9.86604190e+12 2.83477485e+12
  2.12481737e+10 4.97187883e+11 1.64557733e+12 5.32531063e+11
  3.01869599e+09 6.88776447e+09 1.52635733e+10 2.49823238e+10]
 [4.20796566e+11 1.54724900e+11 6.15126523e+10 2.61279481e+11
  9.28200125e+11 1.04514392e+11 1.18837140e+12 1.38207367e+13
  1.98612702e+13 1.19869127e+13 2.90477824e+13 1.33244669e+13
  9.97329036e+11 1.02946738e+12 5.24727703e+12 2.40888195e+12
  3.08602896e+10 1.96622696e+10 1.53399768e+11 3.11377322e+11]
 [8.68200214e+11 2.25207835e+11 2.14999089e+10 1.00691747e+11
  7.60775376e+11 1.90331074e+11 1.39371510e+12 8.69040263e+12
  9.47658167e+12 1.52976299e+12 7.42977006e+12 1.17682282e+13
  4.08550964e+12 9.44350677e+10 1.74909555e+12 1.05625683e+12
  4.28398083e+10 1.38317702e+10 3.63328459e+11 8.51986663e+11]]