[[1.78703130e+11 2.81376656e+10 2.07564178e+09 1.29190232e+10
  1.52358034e+11 4.97552767e+10 3.31678292e+11 1.33088834e+12
  9.48505232e+11 1.67291706e+11 1.25625606e+12 2.86720986e+12
  1.05985549e+12 1.77026739e+10 1.99152808e+11 1.04103710e+11
  6.03294266e+09 2.99117764e+09 9.63002868e+10 1.89350364e+11]
 [9.20359898e+11 3.05583183e+10 1.21067628e+09 6.03407084e+10
  8.75520996e+11 4.15606147e+11 6.15609897e+12 7.50042766e+12
  5.07313090e+11 1.30613177e+12 1.62087789e+13 2.88029061e+13
  7.83079181e+12 1.40577562e+12 5.63913536e+11 9.12258705e+10
  9.84109198e+09 2.43704901e+10 8.37085639e+11 1.05128883e+12]
 [1.92484509e+11 2.27464865e+09 2.08727450e+08 1.99809643e+10
  2.31460513e+11 5.20199339e+11 3.31652013e+12 2.68408735e+12
  7.77490580e+10 8.36512798e+11 7.63701651e+12 1.02306874e+13
  2.85524120e+12 1.18020424e+12 2.13561321e+11 1.90041031e+10
  1.29305698e+09 1.27539611e+10 2.61640111e+11 2.20658223e+11]
 [2.27368342e+11 4.55417742e+09 4.74247059e+08 4.39713041e+10
  4.82057434e+11 2.37643104e+12 9.52985070e+12 6.04624308e+12
  1.53895170e+11 2.79854783e+12 2.01393820e+13 2.25053637e+13
  7.69611339e+12 4.22227115e+12 5.38123952e+11 3.66248856e+10
  7.89092528e+09 4.29726449e+10 5.26397677e+11 2.60778050e+11]
 [7.77501178e+11 1.04614754e+11 6.71234143e+09 3.28025013e+11
  3.93832578e+12 2.69051128e+13 8.19227965e+13 4.46047789e+13
  1.68941909e+12 2.75349718e+13 1.63011785e+14 1.61746738e+14
  7.00613645e+13 4.16273315e+13 4.50726433e+12 2.95315932e+11
  1.33365999e+11 4.32049296e+11 3.59513977e+12 8.90993115e+11]
 [3.63301556e+11 2.59634904e+11 2.87509475e+10 3.80459211e+11
  5.05914284e+12 3.82401998e+13 9.76196717e+13 5.00046123e+13
  5.55281021e+12 4.11073304e+13 1.87420954e+14 1.69923894e+14
  9.07825492e+13 5.53480231e+13 6.49026438e+12 5.52560475e+11
  2.48895665e+11 5.83802443e+11 3.70399083e+12 4.13978121e+11]
 [1.41021995e+10 1.61961504e+11 7.01388580e+10 7.66712223e+10
  2.34663407e+11 6.59277391e+11 3.81494174e+12 8.97343945e+12
  1.19524942e+13 2.06590035e+13 1.37483142e+13 2.98801849e+12
  2.25356668e+12 5.80339034e+12 4.42876297e+12 7.31391408e+11
  4.74488637e+10 2.00171735e+10 5.45781644e+10 1.19818190e+10]
 [5.46531453e+11 1.25706889e+12 1.11578478e+11 9.09740156e+11
  1.52338104e+13 1.15850194e+14 2.39221498e+14 1.11233733e+14
  2.03213195e+13 1.20210826e+14 4.33915158e+14 3.64867786e+14
  2.59330508e+14 1.52925235e+14 1.70597499e+13 1.70089755e+12
  9.74564879e+11 1.69786014e+12 8.09863205e+12 6.20719078e+11]
 [3.36493967e+12 5.48550457e+12 1.29780056e+11 3.81277984e+12
  7.45735345e+13 5.65785900e+14 1.09184060e+15 4.57881428e+14
  2.88596461e+13 4.56272737e+14 1.91105990e+15 1.63428760e+15
  1.25287737e+15 6.98447885e+14 5.55386949e+13 4.02284355e+12
  4.72283217e+12 8.16458421e+12 3.69097104e+13 3.85462571e+12]
 [6.92780880e+12 9.80963070e+12 1.31394899e+11 6.47819902e+12
  1.33000767e+14 1.00129838e+15 1.87682905e+15 7.68178551e+14
  3.43669712e+13 7.69176452e+14 3.24729946e+15 2.77751545e+15
  2.21093777e+15 1.21292583e+15 8.99546870e+13 6.07614641e+12
  8.50065237e+12 1.43850127e+13 6.33558318e+13 7.94547077e+12]
 [6.23992043e+12 8.88882808e+12 1.37250394e+11 5.84742704e+12
  1.19743541e+14 9.01151559e+14 1.68968829e+15 6.93201421e+14
  3.41458385e+13 6.97585867e+14 2.92507808e+15 2.49985293e+15
  1.99002044e+15 1.09293046e+15 8.19897067e+13 5.65716295e+12
  7.66516321e+12 1.29491792e+13 5.70197487e+13 7.15465157e+12]
 [2.30714074e+12 3.89870134e+12 1.40397282e+11 2.64872834e+12
  5.09944012e+13 3.85975682e+14 7.46442005e+14 3.17586415e+14
  2.84590895e+13 3.25907415e+14 1.31090261e+15 1.11528414e+15
  8.55285033e+14 4.80087384e+14 4.07693664e+13 3.26103113e+12
  3.26067388e+12 5.57772792e+12 2.51811806e+13 2.63854510e+12]
 [1.76616743e+11 5.99192302e+11 1.16489500e+11 3.50132948e+11
  4.71738987e+12 3.44520514e+13 7.37937138e+13 4.20259519e+13
  2.01359981e+13 5.94474670e+13 1.41215888e+14 1.09161549e+14
  7.80389029e+13 5.13122841e+13 9.91418951e+12 1.34471879e+12
  3.47579515e+11 5.17433854e+11 2.41110523e+12 1.95452900e+11]
 [1.08997728e+11 3.10554770e+11 6.88007310e+10 2.39595292e+11
  2.96731651e+12 2.20154129e+13 5.12334312e+13 2.98151257e+13
  1.20033251e+13 3.73639859e+13 9.99518350e+13 8.00055431e+13
  5.06895410e+13 3.36506495e+13 6.51246946e+12 8.31407071e+11
  1.97752095e+11 3.34486927e+11 1.74236758e+12 1.21076855e+11]
 [6.34675888e+11 4.19360592e+11 2.67915664e+10 6.45249673e+11
  8.89288150e+12 6.75906776e+13 1.71687009e+14 8.51045963e+13
  5.62895648e+12 6.57195109e+13 3.27072552e+14 3.00104237e+14
  1.60206699e+14 9.61362356e+13 9.83416065e+12 7.09488553e+11
  4.28003279e+11 1.02847958e+12 6.54593830e+12 7.25959023e+11]
 [9.46492259e+11 1.25720501e+11 6.27275323e+09 3.97484170e+11
  4.79876203e+12 3.28101038e+13 9.98291158e+13 5.40801926e+13
  1.70750058e+12 3.30286023e+13 1.98411006e+14 1.97222723e+14
  8.54181125e+13 5.06308635e+13 5.35003951e+12 3.35720074e+11
  1.61960758e+11 5.26615964e+11 4.38408592e+12 1.08527085e+12]
 [2.22628328e+11 4.46434200e+09 4.78794268e+08 4.30721056e+10
  4.71969625e+11 2.32653412e+12 9.33035805e+12 5.92230545e+12
  1.53683969e+11 2.74380284e+12 1.97198061e+13 2.20330558e+13
  7.53467509e+12 4.13456491e+12 5.28101915e+11 3.60919286e+10
  7.72806406e+09 4.20721620e+10 5.15346114e+11 2.55328773e+11]
 [1.49797544e+11 1.80273205e+09 2.24975673e+08 1.56518845e+10
  1.79893030e+11 4.03832413e+11 2.57733216e+12 2.10088188e+12
  7.68020316e+10 6.64690261e+11 5.94471629e+12 7.94345437e+12
  2.21727060e+12 9.19613248e+11 1.72188741e+11 1.62397221e+10
  1.00976371e+09 9.90783224e+09 2.03118395e+11 1.71583877e+11]
 [4.60876348e+11 1.73578649e+10 1.28922101e+09 3.17394182e+10
  4.33839414e+11 2.03996185e+11 3.04766212e+12 3.92275088e+12
  5.00961102e+11 7.53520485e+11 8.13119063e+12 1.41572066e+13
  3.85417047e+12 7.10825303e+11 3.51759508e+11 7.03829815e+10
  5.06013138e+09 1.20302657e+10 4.10980661e+11 5.23051353e+11]
 [6.22325713e+10 2.18172360e+10 2.08850379e+09 7.81723018e+09
  3.86486779e+10 7.20827884e+09 8.09933333e+10 7.78227981e+11
  9.47205638e+11 1.33196632e+11 4.55091533e+11 4.65829579e+11
  1.89653504e+11 7.40824561e+09 1.73157311e+11 9.97182035e+10
  3.09312596e+09 6.37816271e+08 1.42702788e+10 5.54519608e+10]]