[[2.53627891e+12 5.24506168e+11 4.36807112e+10 2.17911066e+11
  2.01231576e+12 6.00786980e+11 4.34800744e+12 2.21666422e+13
  1.98860169e+13 3.15470650e+12 1.80130023e+13 3.51464054e+13
  1.31735976e+13 2.64196772e+11 3.90749644e+12 2.13841646e+12
  9.59560366e+10 3.82472950e+10 1.16613049e+12 2.57816756e+12]
 [1.35288179e+12 5.56581001e+10 5.34764085e+09 9.66564436e+10
  1.26302514e+12 5.89388556e+11 8.86606227e+12 1.18969760e+13
  2.03570670e+12 2.43958632e+12 2.39020163e+13 4.09489236e+13
  1.11600480e+13 2.10232862e+12 1.19136376e+12 2.63142353e+11
  1.51562310e+10 3.49173772e+10 1.18765708e+12 1.52763798e+12]
 [1.28429119e+11 1.71655280e+09 5.21596592e+08 1.39556451e+10
  1.52986440e+11 3.40953179e+11 2.19028928e+12 1.86447962e+12
  1.51498604e+11 6.41828788e+11 5.10379605e+12 6.71366421e+12
  1.87591494e+12 7.94428578e+11 1.79103717e+11 2.15454090e+10
  8.83939412e+08 8.40143383e+09 1.71524989e+11 1.46375231e+11]
 [1.03024663e+11 6.02944834e+09 1.14240174e+10 3.35020103e+10
  1.88750860e+11 8.01302709e+11 3.68052760e+12 4.37837580e+12
  2.39721665e+12 4.06154887e+12 9.33957555e+12 7.76533848e+12
  2.71441088e+12 2.15912023e+12 1.17292564e+12 1.95653351e+11
  4.85160002e+09 1.58841498e+10 1.78260147e+11 1.08253390e+11]
 [3.50766251e+11 3.06168942e+11 3.04214461e+11 4.39505652e+11
  1.07317043e+12 3.07599208e+12 2.10515981e+13 5.49457962e+13
  5.61467382e+13 9.03374909e+13 7.85618170e+13 2.21929834e+13
  1.11744138e+13 2.57971662e+13 2.37492701e+13 3.90625316e+12
  1.22441805e+11 9.01995732e+10 4.26250633e+11 3.03767623e+11]
 [4.02145664e+11 2.09730285e+12 1.27158272e+12 1.44742274e+12
  2.70504841e+12 7.32488481e+11 4.72924172e+13 1.74474771e+14
  2.21539650e+14 3.67862950e+14 2.25747875e+14 1.60168757e+13
  1.51824903e+13 9.06229153e+13 8.67536761e+13 1.41446071e+13
  6.35725536e+11 1.91490852e+11 1.22496343e+11 3.12612382e+11]
 [5.86644027e+11 4.92632178e+12 2.00699034e+12 2.51022497e+12
  1.19815847e+13 5.99827174e+13 2.00545747e+14 2.97203853e+14
  3.42551573e+14 6.24049871e+14 5.59779562e+14 2.33808012e+14
  1.57768268e+14 2.19858185e+14 1.30899026e+14 2.11477206e+13
  1.64868310e+12 1.17862140e+12 4.81138649e+12 5.53215278e+11]
 [1.40843601e+12 5.26104132e+12 1.13018149e+12 2.93260790e+12
  3.71046950e+13 2.67268301e+14 5.79681365e+14 3.50348188e+14
  1.94523334e+14 5.25605365e+14 1.12861299e+15 8.48623557e+14
  6.07897429e+14 4.13927747e+14 9.00723024e+13 1.27126559e+13
  2.85344555e+12 4.04812025e+12 1.87119388e+13 1.54579016e+12]
 [2.87474878e+12 4.55706592e+12 6.25537108e+10 3.22489748e+12
  6.38380350e+13 4.85197460e+14 9.34823856e+14 3.87754296e+14
  1.65056390e+13 3.77523121e+14 1.63209907e+15 1.40114568e+15
  1.07387731e+15 5.95570343e+14 4.49201581e+13 2.96426713e+12
  4.01367710e+12 6.99422803e+12 3.16509230e+13 3.29718235e+12]
 [3.53020301e+12 9.77947598e+12 1.76454299e+12 4.42127794e+12
  6.31861561e+13 4.45199413e+14 8.86028894e+14 5.08033234e+14
  3.04119493e+14 8.21582904e+14 1.67406022e+15 1.24717124e+15
  1.00224693e+15 6.57643044e+14 1.32680080e+14 1.96516354e+13
  5.10159217e+12 6.65740201e+12 2.82210240e+13 3.87963330e+12]
 [2.64268431e+12 1.87544033e+13 5.38081807e+12 5.98872708e+12
  3.63305016e+13 1.77744418e+14 4.95035915e+14 6.59148761e+14
  9.13101488e+14 1.64252839e+15 1.29942805e+15 5.31440602e+14
  4.52810680e+14 5.86947097e+14 3.07011426e+14 5.43044369e+13
  5.66031829e+12 3.37471411e+12 1.14086367e+13 2.49975668e+12]
 [1.50996872e+12 2.00234027e+13 6.61961017e+12 6.11752999e+12
  1.60729067e+13 4.99110213e+12 2.13182933e+14 6.70517253e+14
  1.11960689e+15 1.87245185e+15 9.34323428e+14 6.33105369e+13
  8.50384290e+13 4.66922026e+14 3.68179829e+14 6.59713716e+13
  4.99148276e+12 1.08000329e+12 5.30026650e+11 1.17527990e+12]
 [9.31169295e+11 1.16732673e+13 4.16316304e+12 4.32321476e+12
  1.58011904e+13 4.98840722e+13 2.34053273e+14 4.89835661e+14
  7.04883699e+14 1.22239260e+15 7.88304839e+14 1.89489632e+14
  1.57013013e+14 3.54061905e+14 2.46468818e+14 4.21710790e+13
  3.27273657e+12 1.34935945e+12 3.62045368e+12 8.03756008e+11]
 [7.09078944e+11 3.47800515e+12 1.18058100e+12 2.10536362e+12
  1.75172219e+13 1.17017029e+14 2.99617147e+14 2.55197679e+14
  2.02567285e+14 4.32490047e+14 6.60004482e+14 4.32336072e+14
  2.78231794e+14 2.36264554e+14 8.52924653e+13 1.28757402e+13
  1.54816912e+12 1.89758086e+12 9.28982669e+12 7.43571922e+11]
 [7.52274848e+11 5.40480141e+11 6.14952463e+10 7.89426510e+11
  1.04711956e+13 7.91167211e+13 2.02041226e+14 1.03731164e+14
  1.18388243e+13 8.56294909e+13 3.88114448e+14 3.51582723e+14
  1.87845020e+14 1.14653520e+14 1.35650535e+13 1.16558018e+12
  5.15948874e+11 1.20813818e+12 7.66342043e+12 8.56978467e+11]
 [5.68799803e+11 1.00454344e+11 3.27306857e+10 2.66901764e+11
  2.81618819e+12 1.88460312e+13 5.84632518e+13 3.58482107e+13
  6.35172283e+12 2.73407836e+13 1.19718884e+14 1.13639422e+14
  4.93676789e+13 3.11016478e+13 5.30325697e+12 5.64553846e+11
  1.03319307e+11 3.06403516e+11 2.51966829e+12 6.42756990e+11]
 [9.69090616e+10 6.90506098e+09 1.42323123e+10 3.57364911e+10
  1.68315611e+11 6.68046569e+11 3.26372783e+12 4.62817064e+12
  2.97884550e+12 4.68932209e+12 8.85175365e+12 6.54787049e+12
  2.31290295e+12 2.10744761e+12 1.39228026e+12 2.39732550e+11
  4.96051205e+09 1.38254121e+10 1.48935538e+11 9.87451102e+10]
 [7.33540784e+10 6.31625427e+09 1.05562818e+10 2.47132764e+10
  4.85242688e+10 3.01803104e+10 6.45904645e+11 3.03992343e+12
  2.75953482e+12 2.61215681e+12 3.13623541e+12 8.17863970e+11
  2.89239151e+11 6.40899930e+11 1.08463483e+12 2.50178657e+11
  1.07338933e+09 1.89444477e+09 1.62413944e+10 6.07468814e+10]
 [7.60052695e+11 1.84320971e+11 5.38558168e+10 1.67729778e+11
  3.68294315e+11 2.42568861e+10 2.37160849e+12 1.91077416e+13
  1.95285812e+13 8.77650532e+12 1.45105711e+13 3.19670642e+12
  1.26992325e+12 1.69289473e+12 5.83482750e+12 1.98699204e+12
  1.83534569e+10 6.70442203e+09 5.70150409e+10 6.05932307e+11]
 [2.38600773e+12 5.86110462e+11 5.16241199e+10 2.30588866e+11
  1.78197048e+12 4.87159741e+11 3.82425162e+12 2.32805227e+13
  2.34649948e+13 3.54568244e+12 1.70815246e+13 2.89563679e+13
  1.10093467e+13 2.58131752e+11 4.47646583e+12 2.50112790e+12
  9.79220135e+10 3.28669002e+10 9.48469163e+11 2.34453227e+12]]