[[9.24386268e+10 2.44595098e+10 1.75514608e+09 5.00878082e+09
  2.55388871e+10 9.84308495e+09 1.31211314e+11 9.78345116e+11
  8.92655101e+11 9.43263628e+10 2.73246418e+11 4.68703866e+11
  3.16124413e+11 1.04193566e+10 1.82968273e+11 7.89895330e+10
  1.90474895e+09 4.71464776e+08 2.17323502e+10 8.62642504e+10]
 [1.83901044e+11 4.53121372e+09 6.02086186e+09 6.83344905e+10
  5.52198628e+11 1.73537645e+11 1.60033655e+12 9.11684796e+11
  1.12067955e+12 2.21785025e+12 1.23926157e+13 1.41164618e+13
  2.51085495e+12 2.38358264e+11 1.65654541e+11 2.99365751e+11
  9.55215858e+09 1.40577354e+10 3.20886536e+11 2.40517169e+11]
 [5.27444562e+10 7.31837671e+07 3.91682166e+09 3.65436705e+10
  2.32013907e+11 3.40657374e+11 1.27919055e+12 2.49552161e+11
  4.25291660e+11 2.38197482e+12 9.31210735e+12 7.91945411e+12
  1.40442614e+12 2.51392204e+11 3.53017177e+10 1.30787269e+11
  2.01370072e+09 1.16715491e+10 1.56448168e+11 7.25829385e+10]
 [7.69553871e+10 1.39299568e+07 1.44446544e+10 1.01729222e+11
  6.09791378e+11 1.96037083e+12 4.59471210e+12 6.04278728e+11
  1.20421125e+12 1.01397138e+13 3.10050741e+13 2.19660649e+13
  4.75433106e+12 1.09454541e+12 7.98823167e+10 3.34606310e+11
  1.55294731e+10 4.96150030e+10 3.96213211e+11 1.06732184e+11]
 [3.28265665e+11 1.25815604e+09 1.66986686e+11 9.36844884e+11
  6.19810542e+12 2.76518225e+13 4.92299534e+13 5.68188366e+12
  1.24136163e+13 1.21375520e+14 3.11750084e+14 1.96623746e+14
  5.39351301e+13 1.34821748e+13 8.63296057e+11 3.02963328e+12
  3.25012891e+11 6.20909564e+11 3.37171412e+12 4.54636476e+11]
 [2.28030583e+11 3.35491330e+10 3.20211429e+11 1.48744968e+12
  1.14467069e+13 5.70888701e+13 8.59581916e+13 1.16697790e+13
  2.40965071e+13 2.27842704e+14 5.10217512e+14 2.99203944e+14
  1.01909153e+14 2.72030504e+13 2.54234978e+12 4.99518551e+12
  8.46331513e+11 1.21009471e+12 5.05220926e+12 3.11152366e+11]
 [5.51880037e+10 1.74733588e+11 1.44629845e+11 4.35690136e+11
  3.65616105e+12 1.91238039e+13 3.04644191e+13 1.33146686e+13
  1.66683769e+13 7.90038307e+13 1.42731964e+14 7.98039870e+13
  3.52982245e+13 1.58414601e+13 4.79302890e+12 1.86501741e+12
  3.30595337e+11 3.83088926e+11 1.40667475e+12 6.61871722e+10]
 [9.27060063e+10 3.58637672e+11 2.27819305e+11 6.19574850e+11
  5.77787743e+12 3.00431304e+13 4.48084346e+13 2.01070415e+13
  2.69398529e+13 1.20038139e+14 1.99324384e+14 1.08893849e+14
  5.49933922e+13 2.53159762e+13 7.55540737e+12 2.81722711e+12
  5.69261023e+11 5.90415732e+11 1.95857440e+12 1.09858080e+11]
 [8.30810763e+11 3.28795619e+11 1.62126064e+12 6.09713452e+12
  6.56239137e+13 3.26052265e+14 3.74089748e+14 4.42039506e+13
  1.18940186e+14 1.12572410e+15 2.04397603e+15 1.11194110e+15
  5.44320377e+14 1.36370337e+14 1.07724463e+13 2.26387284e+13
  6.44143340e+12 6.56176814e+12 1.94395841e+13 1.13258525e+12]
 [2.16500425e+12 9.61611099e+10 3.60372419e+12 1.37786290e+13
  1.54655567e+14 7.59493993e+14 8.33395679e+14 7.30787175e+13
  2.46161200e+14 2.56183817e+15 4.59561906e+15 2.49226175e+15
  1.25665033e+15 2.91230473e+14 1.33269836e+13 5.08918297e+13
  1.53794835e+13 1.52674546e+13 4.38544607e+13 2.99795202e+12]
 [2.39435950e+12 2.75620207e+10 3.98793637e+12 1.53018657e+13
  1.71841295e+14 8.43700688e+14 9.24181439e+14 7.82760560e+13
  2.70239527e+14 2.84320520e+15 5.10581937e+15 2.76907007e+15
  1.39504462e+15 3.21013925e+14 1.35656373e+13 5.64008793e+13
  1.70830326e+13 1.69641538e+13 4.87091095e+13 3.32103536e+12]
 [1.18350132e+12 2.10579997e+11 2.31791697e+12 8.90817560e+12
  9.61902328e+13 4.77242525e+14 5.41649584e+14 5.39290586e+13
  1.62555322e+14 1.63808900e+15 2.99425573e+15 1.62934789e+15
  7.93393217e+14 1.90568507e+14 1.12149779e+13 3.26555020e+13
  9.42275082e+12 9.61861082e+12 2.84258761e+13 1.62940600e+12]
 [2.16042702e+11 3.09626371e+11 5.50059294e+11 1.97095737e+12
  1.94106205e+13 9.84853274e+13 1.25060794e+14 2.49044546e+13
  4.71188135e+13 3.58851748e+14 6.62779845e+14 3.63813429e+14
  1.68564030e+14 5.05368197e+13 7.76950894e+12 7.50048239e+12
  1.84767418e+12 1.98530476e+12 6.31630532e+12 2.83597433e+11]
 [2.35480052e+10 1.85803672e+11 5.68277495e+10 4.22485633e+10
  1.13743038e+11 1.16687294e+12 7.46075214e+12 1.18699440e+13
  1.11335869e+13 1.33495091e+13 6.23865321e+12 3.02339982e+12
  4.95537174e+12 8.92963091e+12 4.73059506e+12 5.49950553e+11
  2.41294457e+10 1.14855365e+10 1.13505974e+11 2.16172016e+10]
 [1.37549149e+11 4.54485742e+10 1.91645340e+11 8.48013306e+11
  6.47691951e+12 3.24100370e+13 5.00266303e+13 9.23668372e+12
  1.58052192e+13 1.31111323e+14 2.89095349e+14 1.69424090e+14
  5.84181982e+13 1.70792117e+13 2.44215702e+12 2.93179956e+12
  4.81133944e+11 6.84627542e+11 2.87473515e+12 1.83694874e+11]
 [2.71920781e+11 2.83051797e+09 1.38142815e+11 7.69109571e+11
  5.08269678e+12 2.26867148e+13 4.05432363e+13 5.02505760e+12
  1.04447885e+13 9.97843222e+13 2.55699509e+14 1.61256901e+14
  4.43148520e+13 1.12474530e+13 8.38044086e+11 2.49837500e+12
  2.66708632e+11 5.09161791e+11 2.76723081e+12 3.75265744e+11]
 [7.85357993e+10 7.23728651e+06 1.47430225e+10 1.03900675e+11
  6.22868499e+11 2.00232577e+12 4.69149001e+12 6.12869958e+11
  1.22720807e+12 1.03548738e+13 3.16694241e+13 2.24369198e+13
  4.85546454e+12 1.11631454e+12 8.01826058e+10 3.41613954e+11
  1.58615445e+10 5.06790879e+10 4.04680817e+11 1.08958446e+11]
 [6.69771133e+10 3.80263425e+07 4.98295965e+09 4.69978652e+10
  2.98862342e+11 4.38502457e+11 1.63778556e+12 2.89979372e+11
  5.28409895e+11 3.05727587e+12 1.19916691e+13 1.01996507e+13
  1.80408462e+12 3.16072194e+11 3.65413593e+10 1.67135035e+11
  2.59133117e+09 1.50347696e+10 2.01286970e+11 9.26318999e+10]
 [3.37101718e+11 3.54779007e+09 1.11746268e+10 1.37403086e+11
  1.12476336e+12 3.51466160e+11 3.10830205e+12 1.15968572e+12
  1.81232422e+12 4.38973634e+12 2.51825430e+13 2.87171051e+13
  5.00202061e+12 4.10848415e+11 1.72011286e+11 5.73420750e+11
  1.93004610e+10 2.86399620e+10 6.47364265e+11 4.56324686e+11]
 [1.31272156e+11 2.39886426e+10 2.59909579e+09 1.73289829e+10
  1.72943646e+11 4.56179798e+10 2.52823650e+11 1.01665497e+12
  1.03416306e+12 2.28327637e+11 1.54179784e+12 2.86269651e+12
  8.61264904e+11 1.29744853e+10 1.83747173e+11 1.36652847e+11
  7.89898832e+09 3.25239060e+09 8.45829903e+10 1.40967454e+11]]