[[2.39043252e+12 5.31849614e+11 4.19911011e+10 1.81584415e+11
  1.53094995e+12 4.76137647e+11 3.89797765e+12 2.21105866e+13
  1.98435237e+13 2.78909082e+12 1.40025128e+13 2.70053463e+13
  1.12035822e+13 2.54724440e+11 3.96338885e+12 2.00307726e+12
  7.77809189e+10 2.90321765e+10 9.44413522e+11 2.37364672e+12]
 [1.40141527e+12 1.54247874e+11 2.04392079e+10 1.49918892e+10
  7.33156130e+10 1.78600438e+11 6.60043835e+12 2.14174051e+13
  1.04147764e+13 1.65456448e+12 4.39017473e+11 7.66184232e+12
  5.96405628e+12 2.60242939e+12 4.20459838e+12 6.14685608e+11
  9.37922239e+08 3.31664930e+09 4.43166237e+11 1.34720884e+12]
 [1.11834541e+11 4.87312281e+09 4.92031638e+09 9.22106521e+09
  4.07066750e+10 1.17962164e+11 1.39706021e+12 2.99052667e+12
  1.54392883e+12 9.96877652e+11 1.59604772e+12 1.95348113e+12
  9.14876690e+11 8.32023186e+11 7.45718344e+11 1.07434333e+11
  4.20800399e+08 2.22677144e+09 6.61218423e+10 1.08961771e+11]
 [5.41217955e+10 4.87373253e+09 1.75387796e+10 5.66791103e+10
  2.43487414e+11 6.81419361e+11 2.06476857e+12 2.71238536e+12
  3.00020741e+12 7.04223622e+12 1.37598571e+13 7.87439909e+12
  1.76192542e+12 1.15349319e+12 1.10817237e+12 3.21027877e+11
  7.91687547e+09 1.89618541e+10 1.38051565e+11 5.78940770e+10]
 [4.96827689e+10 7.01105058e+10 2.75830666e+11 8.89884922e+11
  4.24168606e+12 1.34323522e+13 1.26481685e+13 4.42644966e+12
  3.33382767e+13 1.36384924e+14 2.41259270e+14 1.10860667e+14
  1.92248765e+13 1.61822773e+12 8.01657535e+12 4.26822173e+12
  2.86607231e+11 3.98669174e+11 1.49652692e+12 9.14588814e+10]
 [1.03931770e+11 5.00871260e+11 9.61037895e+11 2.58540821e+12
  1.43962321e+13 5.20357280e+13 4.79876683e+13 2.34534065e+13
  1.13229774e+14 4.68218481e+14 7.23728413e+14 3.12727092e+14
  7.14973088e+13 1.35617274e+13 2.76398520e+13 1.28407192e+13
  1.36615677e+12 1.43094237e+12 4.25151225e+12 1.53241020e+11]
 [4.70091216e+11 3.25547862e+12 1.64123715e+12 2.91315381e+12
  1.86549822e+13 9.17846327e+13 1.95282387e+14 1.99589595e+14
  2.49710957e+14 6.28224036e+14 7.91011217e+14 3.81429107e+14
  1.89559199e+14 1.62639251e+14 8.82107002e+13 1.85104545e+13
  2.05445074e+12 1.89552120e+12 6.89754188e+12 4.84653189e+11]
 [1.46090374e+12 1.00846182e+13 1.92230554e+12 1.02558556e+12
  6.93318973e+12 1.05102648e+14 4.62348505e+14 5.35780206e+14
  4.21699304e+14 3.70400954e+14 2.00851628e+14 2.44308137e+14
  3.70222626e+14 4.91051487e+14 1.88283787e+14 1.69123806e+13
  7.26476535e+11 8.58047052e+11 8.58345555e+12 1.41304602e+12]
 [2.76157803e+12 1.59662875e+13 2.53941299e+12 9.27563897e+11
  6.51131626e+12 1.40663192e+14 6.32509284e+14 7.18474079e+14
  5.80584766e+14 4.21381050e+14 1.39433180e+14 2.75944018e+14
  5.22426210e+14 6.98853453e+14 2.53611421e+14 2.13675478e+13
  6.44625847e+11 8.90836737e+11 1.10161255e+13 2.66222362e+12]
 [2.40319964e+12 1.37204351e+13 4.18082944e+12 5.93648894e+12
  4.74986968e+13 2.48486148e+14 5.19993364e+14 5.08436834e+14
  6.72689923e+14 1.45842281e+15 1.53519236e+15 7.55818925e+14
  5.48422500e+14 4.99696590e+14 2.22620290e+14 4.38915318e+13
  5.95888013e+12 4.59579408e+12 1.54081252e+13 2.43306014e+12]
 [7.23078954e+11 6.65408678e+12 5.66499392e+12 1.18431485e+13
  9.56807344e+13 3.49212487e+14 2.73755627e+14 1.42684636e+14
  6.68144826e+14 2.63359250e+15 3.20359374e+15 1.29401153e+15
  4.70648777e+14 1.23177861e+14 1.42631579e+14 6.70179294e+13
  1.22359794e+13 8.89915736e+12 1.88587394e+13 9.54302554e+11]
 [1.77975886e+11 3.78897177e+12 5.23051089e+12 1.18279467e+13
  9.22072802e+13 3.21513913e+14 1.78037627e+14 3.40892613e+13
  5.72351843e+14 2.56134643e+15 3.24693416e+15 1.28192720e+15
  3.82454229e+14 1.36868608e+13 1.05289704e+14 6.34168854e+13
  1.16299421e+13 8.64395199e+12 1.74034520e+13 3.88267170e+11]
 [5.57412148e+11 5.03599537e+12 3.16707906e+12 6.26584578e+12
  4.51540515e+13 1.86971815e+14 2.44680456e+14 1.98171950e+14
  4.17890263e+14 1.36784018e+15 1.71639310e+15 7.39942929e+14
  3.06399099e+14 1.72212690e+14 1.16524140e+14 3.65721823e+13
  5.43706949e+12 4.39592470e+12 1.16808678e+13 6.17838237e+11]
 [7.01867108e+11 4.39580092e+12 1.30206843e+12 1.38750419e+12
  8.72343219e+12 7.03049165e+13 2.57675111e+14 3.01259165e+14
  2.50755721e+14 3.54009364e+14 3.44665686e+14 2.32146222e+14
  2.06611035e+14 2.50017746e+14 1.09136426e+14 1.29899453e+13
  9.25210120e+11 9.53018030e+11 5.97837619e+12 6.88650653e+11]
 [7.66745172e+11 1.72662509e+12 4.64402877e+11 1.05863791e+11
  4.62898560e+11 2.25154089e+13 1.45444652e+14 1.94677569e+14
  1.14794862e+14 6.42060221e+13 6.38845751e+11 6.03988430e+13
  9.59380108e+13 1.41546049e+14 6.12210970e+13 4.17884703e+12
  2.05064370e+10 9.81922162e+10 2.70379510e+12 7.36615985e+11]
 [4.62432024e+11 2.32078503e+11 1.64410333e+11 2.39457174e+11
  1.11451794e+12 7.49319105e+12 3.62091053e+13 5.06492568e+13
  3.37099185e+13 4.62061949e+13 5.79687968e+13 4.20976508e+13
  2.46312042e+13 2.98693049e+13 1.64801871e+13 2.03805666e+12
  7.17724331e+10 1.15241648e+11 1.06686891e+12 4.54739982e+11]
 [4.25446319e+10 4.18432484e+09 1.86913389e+10 6.50993630e+10
  2.80150529e+11 7.31605013e+11 1.80227835e+12 2.10779487e+12
  2.99586647e+12 7.94088305e+12 1.59323420e+13 8.78987237e+12
  1.70509123e+12 8.78290572e+11 1.00752557e+12 3.50445212e+11
  9.14046531e+09 2.16607084e+10 1.44070217e+11 4.77044409e+10]
 [7.57452318e+09 1.25157896e+09 9.03867655e+09 4.97593287e+10
  2.28123454e+11 2.35002466e+11 4.24444850e+11 1.45543358e+11
  1.52446393e+12 3.81736914e+12 1.03584583e+13 6.38681950e+12
  6.90279783e+11 1.43467279e+10 3.30232150e+11 2.60018343e+11
  2.54920618e+09 1.07569573e+10 9.79926156e+10 1.71973556e+10]
 [2.79157860e+11 5.29460322e+10 4.03475694e+10 2.82819396e+11
  1.67856244e+12 3.91434917e+11 2.51039151e+12 3.96484126e+12
  1.02842195e+13 1.07257576e+13 4.22632421e+13 3.60495669e+13
  4.56409074e+12 4.21830148e+11 2.07403098e+12 1.76513901e+12
  3.68576751e+10 4.03017662e+10 6.75221892e+11 3.59454407e+11]
 [2.10596108e+12 4.83345890e+11 4.52511752e+10 2.29358502e+11
  1.94421505e+12 5.18930850e+11 3.56812915e+12 1.94146080e+13
  1.98168122e+13 3.34876632e+12 1.81507912e+13 3.16599359e+13
  1.08972284e+13 2.22422818e+11 3.70232778e+12 2.24514164e+12
  9.98680052e+10 3.60854797e+10 9.89086850e+11 2.12326929e+12]]