[[2.70701759e+12 6.02791196e+11 4.78338918e+10 2.07999022e+11
  1.75401051e+12 5.42587824e+11 4.41878970e+12 2.50366704e+13
  2.25511794e+13 3.18887523e+12 1.60552525e+13 3.08501883e+13
  1.27223829e+13 2.88391940e+11 4.49547482e+12 2.28474377e+12
  8.91508545e+10 3.32354653e+10 1.07484571e+12 2.68910315e+12]
 [2.06519018e+12 2.28561398e+11 3.21684061e+10 3.78928531e+10
  2.01992745e+11 2.83286539e+11 9.79421730e+12 3.15446556e+13
  1.58112321e+13 3.02523794e+12 3.02831301e+12 1.32401238e+13
  8.97953014e+12 3.82960760e+12 6.26590544e+12 9.98579986e+11
  3.45269821e+09 7.12580860e+09 6.86210642e+11 1.99045251e+12]
 [2.01577694e+11 8.54925019e+09 6.65458966e+09 4.12389599e+09
  1.60535436e+10 1.54884985e+11 2.43426458e+12 5.40481382e+12
  2.42174562e+12 8.43114166e+11 2.69784256e+11 1.93033233e+12
  1.48922883e+12 1.51037517e+12 1.27298614e+12 1.29365165e+11
  1.17371616e+08 1.31615314e+09 9.53982019e+10 1.93902712e+11]
 [1.24337017e+11 9.44228684e+09 1.59275427e+10 2.81436495e+10
  1.18464692e+11 5.91960187e+11 3.85329390e+12 6.35246614e+12
  3.72567092e+12 4.22982311e+12 6.19485507e+12 5.17362802e+12
  2.45766370e+12 2.79137609e+12 1.86819842e+12 2.50195699e+11
  3.69529296e+09 1.00022290e+10 1.40538962e+11 1.22100857e+11]
 [1.59199259e+11 1.04018844e+11 1.94450718e+11 5.43860111e+11
  2.58463114e+12 9.32208041e+12 1.71418966e+13 1.68947014e+13
  2.74725145e+13 8.60801557e+13 1.45453220e+14 7.12725656e+13
  1.73319003e+13 9.43350613e+12 9.00863874e+12 2.86376140e+12
  1.73627319e+11 2.45934813e+11 1.10516361e+12 1.79299079e+11]
 [3.72068989e+10 2.82446147e+11 6.91184423e+11 1.91935338e+12
  1.06940959e+13 3.75622069e+13 2.81075698e+13 7.26169789e+12
  7.82877880e+13 3.45236166e+14 5.38800137e+14 2.29668475e+14
  4.82049274e+13 2.68087329e+12 1.73709305e+13 9.34128476e+12
  1.01606291e+12 1.06022711e+12 3.02369277e+12 7.54974376e+10]
 [4.50388030e+11 3.12361395e+12 1.58377322e+12 2.82026640e+12
  1.80617537e+13 8.85957926e+13 1.87431663e+14 1.91191907e+14
  2.40448674e+14 6.07652379e+14 7.66105860e+14 3.68769215e+14
  1.82367709e+14 1.55751551e+14 8.47360418e+13 1.78790757e+13
  1.98946923e+12 1.83458640e+12 6.65104829e+12 4.64684444e+11]
 [1.96829323e+12 1.36737618e+13 2.76738846e+12 1.81011502e+12
  1.24406164e+13 1.52314807e+14 6.27905508e+14 7.21406948e+14
  5.86898514e+14 5.88474716e+14 3.90169904e+14 3.76314239e+14
  5.10846276e+14 6.60494996e+14 2.56935067e+14 2.49823447e+13
  1.35501433e+12 1.45270728e+12 1.21774894e+13 1.90955123e+12]
 [4.59659326e+12 2.63808581e+13 3.86933440e+12 7.13661019e+11
  4.36228778e+12 2.12087735e+14 1.04311471e+15 1.19674795e+15
  9.28632159e+14 5.22592046e+14 3.64469126e+12 3.70117426e+14
  8.44961321e+14 1.16543999e+15 4.15856176e+14 3.11889254e+13
  2.55398984e+11 8.76995079e+11 1.71583921e+13 4.41593185e+12]
 [4.95448522e+12 2.58881940e+13 4.43507432e+12 2.69036555e+12
  2.06506128e+13 2.51714433e+14 9.60661198e+14 1.05797788e+15
  9.44637646e+14 9.22916979e+14 5.61938960e+14 5.45546557e+14
  8.40455620e+14 1.05598240e+15 3.87134645e+14 3.93969840e+13
  2.36995741e+12 2.33849281e+12 1.82621828e+13 4.80504499e+12]
 [2.06010950e+12 1.21654470e+13 4.28848941e+12 6.69672297e+12
  5.37288344e+13 2.56885669e+14 4.64509029e+14 4.34204650e+14
  6.51110052e+14 1.60107967e+15 1.75431953e+15 8.18426468e+14
  5.18988253e+14 4.24014168e+14 2.02931758e+14 4.62279879e+13
  6.77764011e+12 5.14127953e+12 1.54821061e+13 2.12123511e+12]
 [1.45772926e+11 2.73268590e+12 3.60354557e+12 8.10715114e+12
  6.31947953e+13 2.21372512e+14 1.27385452e+14 2.95617266e+13
  3.96940486e+14 1.75751556e+15 2.22452740e+15 8.80181291e+14
  2.66405697e+14 1.54214533e+13 7.42918738e+13 4.36093289e+13
  7.96911938e+12 5.92661023e+12 1.20122771e+13 2.88908698e+11]
 [4.11831159e+11 3.86940883e+12 2.64444723e+12 5.36446838e+12
  3.86802318e+13 1.56517926e+14 1.89319302e+14 1.45631894e+14
  3.40906267e+14 1.16407335e+15 1.47330387e+15 6.27616052e+14
  2.47040190e+14 1.25339706e+14 9.16825733e+13 3.07893962e+13
  4.66272037e+12 3.75693209e+12 9.68197906e+12 4.66321772e+11]
 [8.49672749e+11 5.33810349e+12 1.61727154e+12 1.78545179e+12
  1.12434864e+13 8.74930357e+13 3.13148728e+14 3.64584592e+14
  3.07920704e+14 4.49409564e+14 4.47109638e+14 2.93078282e+14
  2.52849212e+14 3.02412070e+14 1.32925081e+14 1.62484448e+13
  1.19653381e+12 1.22073273e+12 7.39159792e+12 8.34921199e+11]
 [1.17904810e+12 2.66284248e+12 7.40235051e+11 2.37532894e+11
  1.12850009e+12 3.60466499e+13 2.24476715e+14 2.99276480e+14
  1.79362991e+14 1.12090111e+14 2.20192469e+13 1.01730430e+14
  1.49227328e+14 2.17496283e+14 9.47038708e+13 6.78276771e+12
  7.11679066e+10 1.92205014e+11 4.27065116e+12 1.13426969e+12]
 [8.70250217e+11 4.18558369e+11 2.05455253e+11 1.02689262e+11
  4.37748913e+11 9.01716712e+12 6.46155703e+13 9.57255320e+13
  5.14735706e+13 3.40401395e+13 1.44583639e+13 3.64076390e+13
  3.96782389e+13 5.68515542e+13 2.84991603e+13 2.20502213e+12
  2.27736223e+10 6.13380568e+10 1.45132871e+12 8.38621078e+11]
 [1.04392818e+11 8.10346701e+09 1.58137091e+10 3.38549219e+10
  1.43634874e+11 5.94536691e+11 3.32439410e+12 5.32136540e+12
  3.44532746e+12 4.74841099e+12 7.74749630e+12 5.63780063e+12
  2.22274710e+12 2.32946199e+12 1.63642281e+12 2.58884901e+11
  4.55447896e+09 1.17599966e+10 1.35689879e+11 1.03607599e+11]
 [2.19669873e+10 1.51626406e+09 6.24783591e+09 3.16201094e+10
  1.44720035e+11 1.60893770e+11 4.74511270e+11 5.52828145e+11
  1.16467956e+12 2.47075324e+12 6.53214305e+12 4.17816882e+12
  5.60887295e+11 1.37945322e+11 3.16179180e+11 1.74434959e+11
  1.61190548e+09 6.87187549e+09 6.97206883e+10 2.73586847e+10]
 [1.31856086e+11 3.18346772e+10 3.02021379e+10 2.19554366e+11
  1.30403643e+12 2.94213345e+11 1.55305313e+12 1.78012620e+12
  7.37971624e+12 8.26000942e+12 3.29194371e+13 2.76335578e+13
  3.19295823e+12 1.69578669e+11 1.35950480e+12 1.33839736e+12
  2.86749972e+10 3.12142686e+10 4.99248996e+11 1.97768477e+11]
 [2.21695326e+12 5.08597660e+11 4.75119075e+10 2.40403134e+11
  2.03772774e+12 5.44784804e+11 3.75416758e+12 2.04388053e+13
  2.08261222e+13 3.51185076e+12 1.90199627e+13 3.32102059e+13
  1.14561104e+13 2.34175251e+11 3.89428744e+12 2.35624400e+12
  1.04660067e+11 3.78292918e+10 1.03885349e+12 2.23469099e+12]]