[[2.65764951e+12 5.64696234e+11 4.43207886e+10 2.01080520e+11
  1.79543375e+12 5.62978224e+11 4.42780709e+12 2.38401378e+13
  2.08539484e+13 3.01507502e+12 1.61093153e+13 3.20575321e+13
  1.29782574e+13 2.80093914e+11 4.18494169e+12 2.12681129e+12
  8.72976883e+10 3.42744113e+10 1.11075138e+12 2.66671651e+12]
 [1.76945782e+12 1.42194041e+11 1.18466410e+10 1.19099312e+10
  4.17552541e+11 3.79444163e+11 9.42090990e+12 2.25200429e+13
  7.50782265e+12 6.75917107e+11 5.27773948e+12 2.10118394e+13
  9.74483745e+12 3.08939732e+12 3.59382265e+12 3.11307122e+11
  2.07881708e+09 1.36562878e+10 8.51032234e+11 1.80315027e+12]
 [1.55924395e+11 4.99017541e+09 2.90443785e+09 3.94665381e+09
  5.35880923e+10 2.02162703e+11 2.12192401e+12 3.52970336e+12
  1.18149686e+12 3.94419678e+11 1.43304287e+12 3.26761811e+12
  1.48640652e+12 1.10198442e+12 6.99832895e+11 5.44900749e+10
  2.24276090e+08 3.30622147e+09 1.12261789e+11 1.58680471e+11]
 [8.48839370e+10 7.23614101e+09 1.70408892e+10 4.13937638e+10
  1.67016397e+11 5.71328108e+11 2.74127713e+12 4.49166084e+12
  3.44040854e+12 5.61605712e+12 9.40558581e+12 5.88440467e+12
  1.91558146e+12 1.90391554e+12 1.51453393e+12 2.89213845e+11
  5.60073066e+09 1.32395867e+10 1.25153373e+11 8.44825561e+10]
 [8.44202493e+10 1.88335986e+11 3.39491285e+11 7.60635879e+11
  2.69098521e+12 5.91399216e+12 5.48021630e+12 2.40566598e+13
  5.09977732e+13 1.32411751e+14 1.72511526e+14 5.73353400e+13
  6.66581727e+12 7.49537716e+12 1.69185383e+13 4.80280626e+12
  2.30320897e+11 2.36894220e+11 6.01498087e+11 6.82523731e+10]
 [6.65228118e+10 1.12681880e+12 1.26694409e+12 2.44879290e+12
  9.97938847e+12 2.24485407e+13 8.82946180e+12 6.52227186e+13
  1.77596495e+14 5.00631024e+14 5.71726809e+14 1.69433568e+14
  1.76548620e+13 2.03722420e+13 5.41950808e+13 1.56779355e+13
  1.21726378e+12 9.19983336e+11 1.57180964e+12 4.36334187e+10]
 [4.83168609e+11 3.99188892e+12 1.95614787e+12 3.06723547e+12
  1.71869673e+13 7.81717026e+13 1.83084781e+14 2.33656278e+14
  3.06809781e+14 6.97851383e+14 7.66780329e+14 3.30813334e+14
  1.66369447e+14 1.75623707e+14 1.09144360e+14 2.15893334e+13
  2.10261524e+12 1.70560261e+12 5.88161649e+12 4.75628055e+11]
 [1.76565736e+12 9.51731882e+12 1.46590821e+12 1.19250043e+12
  1.70055617e+13 1.90184431e+14 6.19296912e+14 5.57619191e+14
  3.44744308e+14 3.07728616e+14 4.44748602e+14 5.08895775e+14
  5.53767419e+14 5.63743370e+14 1.68960055e+14 1.27657898e+13
  1.08105922e+12 2.03223284e+12 1.45037323e+13 1.79351135e+12]
 [3.70199937e+12 1.52465484e+13 1.26304858e+12 1.35379866e+11
  1.85534413e+13 2.89688583e+14 9.52060645e+14 7.96739661e+14
  4.04560803e+14 6.98207830e+13 2.87231094e+14 6.58831658e+14
  8.84333322e+14 8.80835944e+14 2.21016288e+14 8.19763573e+12
  2.96450578e+11 2.45467371e+12 2.11460471e+13 3.77516613e+12]
 [3.57878296e+12 1.69340922e+13 3.44083119e+12 3.86001142e+12
  3.72463640e+13 2.81872192e+14 7.57929825e+14 7.03446667e+14
  6.53872679e+14 9.92457325e+14 1.07128057e+15 7.40661147e+14
  7.44458655e+14 7.36316137e+14 2.54893834e+14 3.34384258e+13
  3.89856473e+12 3.87577501e+12 1.87224232e+13 3.61002856e+12]
 [1.24162369e+12 1.42297830e+13 6.50743396e+12 9.62557412e+12
  6.09470505e+13 1.90627237e+14 2.43304364e+14 3.99733462e+14
  9.37883560e+14 2.41088035e+15 2.23183648e+15 7.35667656e+14
  2.89224297e+14 2.92464764e+14 2.60097465e+14 7.06649783e+13
  9.40873732e+12 5.43240548e+12 1.03402370e+13 1.16523428e+12]
 [1.08037489e+11 1.05862593e+13 6.82343518e+12 1.07753769e+13
  6.07071833e+13 1.25861366e+14 2.23593750e+12 2.28440392e+14
  9.19014038e+14 2.65274665e+15 2.44883840e+15 6.49497884e+14
  6.50327495e+13 7.31413760e+13 2.30665292e+14 7.58844369e+13
  9.93959721e+12 5.25916280e+12 5.63003846e+12 1.56887407e+10]
 [5.08840656e+11 7.58519828e+12 4.03787783e+12 6.30758254e+12
  3.58063579e+13 1.16021620e+14 1.64380774e+14 2.77276144e+14
  5.82761027e+14 1.51163201e+15 1.49897370e+15 5.04297146e+14
  1.80187995e+14 1.87886802e+14 1.73628347e+14 4.44121643e+13
  5.21611894e+12 3.31196865e+12 6.97953988e+12 4.78813488e+11]
 [8.05584242e+11 4.42829311e+12 1.25535240e+12 1.57803021e+12
  1.23016498e+13 9.76295301e+13 3.13482684e+14 3.18080627e+14
  2.41525321e+14 3.66875855e+14 4.56298122e+14 3.32198420e+14
  2.66179273e+14 2.78628051e+14 1.07783046e+14 1.27029721e+13
  1.11134357e+12 1.36467645e+12 8.11444154e+12 8.12892144e+11]
 [9.88540200e+11 1.59591785e+12 2.40789406e+11 2.84792584e+10
  3.12559837e+12 4.91901081e+13 2.12510042e+14 2.07403790e+14
  7.97983391e+13 1.29903165e+13 6.87388116e+13 1.71774735e+14
  1.60714072e+14 1.71243932e+14 5.20104676e+13 1.73492346e+12
  3.60230062e+10 4.37895409e+11 5.33150352e+12 1.00811319e+12]
 [6.58581829e+11 2.50321543e+11 1.09272931e+11 1.25745397e+11
  1.15273496e+12 1.12940992e+13 5.47214828e+13 6.24391411e+13
  2.77748762e+13 2.35665456e+13 4.50129247e+13 5.79733412e+13
  3.83107744e+13 4.07985794e+13 1.63679417e+13 1.21291050e+12
  4.17342945e+10 1.34371636e+11 1.64521759e+12 6.68856260e+11]
 [6.87793349e+10 6.97230296e+09 1.94223244e+10 4.96128755e+10
  1.85050939e+11 5.25866439e+11 2.19268474e+12 3.98962116e+12
  3.71166274e+12 6.70071866e+12 1.09167870e+13 5.87591067e+12
  1.58291283e+12 1.57949859e+12 1.52108147e+12 3.36566918e+11
  6.67482412e+09 1.42158275e+10 1.10532943e+11 6.76362763e+10]
 [1.08917981e+10 3.60420155e+09 1.14138550e+10 4.35165488e+10
  1.45778181e+11 9.61394205e+10 8.92029766e+10 1.16728693e+12
  2.39780649e+12 3.79873663e+12 7.52825918e+12 3.22648444e+12
  1.71769311e+11 1.38083320e+11 7.26862167e+11 3.00104491e+11
  2.09263642e+09 6.39179577e+09 3.48417310e+10 6.96857542e+09]
 [2.08323353e+11 1.03425574e+11 5.29815944e+10 2.73339638e+11
  1.20717153e+12 1.86643824e+11 8.72901500e+11 8.02778796e+12
  1.56659730e+13 1.16247949e+13 3.43710689e+13 2.07484507e+13
  1.55039342e+12 5.18842672e+11 3.73242577e+12 2.16319147e+12
  3.36099480e+10 2.70346981e+10 2.87325729e+11 1.70119678e+11]
 [2.26193088e+12 5.46133738e+11 5.10568024e+10 2.47713390e+11
  1.99871836e+12 5.24213151e+11 3.73843901e+12 2.16014519e+13
  2.25230760e+13 3.69060013e+12 1.89948973e+13 3.20143456e+13
  1.11850715e+13 2.42015810e+11 4.20192491e+12 2.51646222e+12
  1.06686207e+11 3.68257615e+10 1.00223153e+12 2.25277354e+12]]