[[5.51650314e+11 1.02142746e+11 7.79865564e+09 4.06708083e+10
  4.19799188e+11 1.34848827e+11 9.70724582e+11 4.53238637e+12
  3.62970360e+12 5.69736028e+11 3.59618615e+12 7.72600597e+12
  2.97803917e+12 5.64133816e+10 7.42423185e+11 3.80937371e+11
  1.83032571e+10 8.14218120e+09 2.63283765e+11 5.68817387e+11]
 [1.34311933e+12 6.15708266e+10 2.94264792e+09 5.99458039e+10
  9.75076432e+11 5.10607996e+11 8.45116446e+12 1.26489661e+13
  1.92344651e+12 1.28733419e+12 1.72818611e+13 3.40576368e+13
  1.02394477e+13 2.13467437e+12 1.32069942e+12 1.24562407e+11
  1.00074326e+10 2.77180784e+10 1.04953419e+12 1.48647093e+12]
 [2.35805648e+11 3.69075127e+09 1.26278826e+08 1.48585485e+10
  2.14455675e+11 5.40586838e+11 3.84341586e+12 3.73007696e+12
  2.90071064e+11 4.99677158e+11 6.64248007e+12 1.01969472e+13
  3.15966595e+12 1.49755903e+12 3.98435447e+11 6.57498522e+09
  1.02786596e+09 1.21402488e+10 2.77685114e+11 2.62739177e+11]
 [2.50157397e+11 6.63457400e+09 8.80830331e+07 2.90718341e+10
  4.00688643e+11 2.21826008e+12 9.92047847e+12 7.54228862e+12
  5.69125622e+11 1.44977033e+12 1.56908345e+13 2.01429973e+13
  7.65092013e+12 4.81093553e+12 9.03474923e+11 7.97332839e+09
  5.59894502e+09 3.67126622e+10 5.01864327e+11 2.78900907e+11]
 [7.64261625e+11 1.42768051e+11 1.28792237e+10 2.08537604e+11
  2.93369184e+12 2.22743974e+13 7.58221591e+13 5.05998159e+13
  6.28404390e+12 1.60665829e+13 1.15274603e+14 1.28662081e+14
  6.17830459e+13 4.25503919e+13 7.29914160e+12 2.09757534e+11
  8.83456330e+10 3.29526257e+11 3.03888642e+12 8.49011001e+11]
 [2.91667500e+11 3.71952253e+11 1.03255603e+11 2.90489195e+11
  3.14328866e+12 2.44898257e+13 7.12252432e+13 5.18188641e+13
  2.09840594e+13 4.37927355e+13 1.20039115e+14 1.06193844e+14
  6.20134021e+13 4.75298064e+13 1.20603730e+13 1.20882398e+12
  1.74060551e+11 3.61547606e+11 2.41535771e+12 3.15864450e+11]
 [3.95679463e+10 5.74172987e+11 2.78619038e+11 3.25899077e+11
  9.77122413e+11 1.47159772e+12 8.99192546e+12 2.96694643e+13
  4.57081923e+13 8.58956783e+13 5.90657899e+13 9.77888242e+12
  4.28410574e+12 1.74078957e+13 1.61621275e+13 2.95534070e+12
  2.03273915e+11 7.97446917e+10 1.02627720e+11 3.11552457e+10]
 [9.19101517e+11 3.00294457e+12 3.43261643e+11 1.17552732e+12
  1.98181326e+13 1.62745868e+14 3.76146948e+14 2.19914743e+14
  7.74545495e+13 1.75133322e+14 5.53151484e+14 4.95612696e+14
  3.87304990e+14 2.68867538e+14 4.70153896e+13 3.72640818e+12
  1.23946433e+12 2.23890701e+12 1.15975638e+13 1.00795891e+12]
 [4.35215797e+12 9.49422472e+12 1.68046911e+11 3.07374827e+12
  7.30849538e+13 6.19697293e+14 1.33421066e+15 6.74696670e+14
  1.08347510e+14 3.13395020e+14 1.76581483e+15 1.71808814e+15
  1.46114551e+15 9.36653537e+14 1.10957202e+14 2.43136246e+12
  4.02752666e+12 8.20985931e+12 4.12811048e+13 4.84228777e+12]
 [7.93689059e+12 1.48215253e+13 6.35555544e+09 4.44183139e+12
  1.15114077e+14 9.73790663e+14 2.03514675e+15 9.96463558e+14
  1.27337527e+14 4.09140088e+14 2.63254050e+15 2.58978023e+15
  2.28990256e+15 1.43865668e+15 1.56130402e+14 1.18372814e+12
  6.26587427e+12 1.27995213e+13 6.29331519e+13 8.85027480e+12]
 [6.44096332e+12 1.23883825e+13 1.50505329e+11 3.73595193e+12
  9.34868425e+13 7.86879553e+14 1.64702882e+15 8.17085351e+14
  1.26498563e+14 3.74156168e+14 2.15134712e+15 2.09470856e+15
  1.85076954e+15 1.17024691e+15 1.33396998e+14 2.43173472e+12
  5.19262747e+12 1.03753580e+13 5.08464120e+13 7.17098770e+12]
 [2.05179887e+12 5.30123190e+12 4.29420336e+11 1.77109046e+12
  3.46190277e+13 2.84104745e+14 6.17876094e+14 3.39049413e+14
  1.06827822e+14 2.49689857e+14 8.69562350e+14 7.92706096e+14
  6.70823058e+14 4.48217247e+14 6.88030359e+13 4.70053774e+12
  2.14927763e+12 3.84238756e+12 1.89077100e+13 2.25996748e+12]
 [1.14660670e+11 1.26456153e+12 4.64160522e+11 5.49286382e+11
  2.66212223e+12 1.08267484e+13 3.30603204e+13 5.43393500e+13
  7.67514513e+13 1.45440305e+14 1.16045328e+14 3.96890319e+13
  2.69388230e+13 4.15761885e+13 2.66207491e+13 4.78734132e+12
  4.34055870e+11 2.45955764e+11 7.48012683e+11 1.04915586e+11]
 [2.45934001e+11 9.66818078e+11 2.45677208e+11 5.08222894e+11
  5.43504844e+12 4.13300660e+13 1.07334835e+14 7.95319266e+13
  4.59010417e+13 9.40588433e+13 1.87798908e+14 1.47100961e+14
  1.00563724e+14 7.96976045e+13 2.21093790e+13 2.65742869e+12
  3.96349385e+11 6.10673979e+11 3.32226220e+12 2.62816143e+11]
 [8.81815964e+11 7.94013827e+11 5.50198273e+10 5.86808872e+11
  9.39747562e+12 7.92687013e+13 2.24836156e+14 1.35793434e+14
  2.12729538e+13 5.58198832e+13 3.28589594e+14 3.38305112e+14
  2.00012703e+14 1.38766285e+14 2.16044197e+13 7.41389601e+11
  4.04137354e+11 1.11231016e+12 7.83666917e+12 9.78348999e+11]
 [1.13176074e+12 1.98538196e+11 2.05750141e+09 2.86267424e+11
  4.33736842e+12 3.32953002e+13 1.12958718e+14 7.32691651e+13
  6.35264403e+12 1.87511360e+13 1.68138477e+14 1.91915684e+14
  9.23087419e+13 6.26898026e+13 9.70456479e+12 8.94075901e+10
  1.25077689e+11 4.89186171e+11 4.54388355e+12 1.26155547e+12]
 [2.39849450e+11 6.39719151e+09 2.00025588e+08 2.80655660e+10
  3.84231851e+11 2.12513393e+12 9.50674350e+12 7.24577541e+12
  5.68324341e+11 1.42301828e+12 1.50642555e+13 1.93008734e+13
  7.33001776e+12 4.61475120e+12 8.74870330e+11 9.56082286e+09
  5.38973789e+09 3.51923482e+10 4.80782317e+11 2.67329487e+11]
 [1.42975767e+11 2.44375170e+09 5.26275387e+08 1.00139952e+10
  1.30330827e+11 3.23403002e+11 2.31038736e+12 2.33479345e+12
  2.86478102e+11 4.15713243e+11 4.11526214e+12 6.11881562e+12
  1.89152660e+12 9.14660123e+11 2.80351092e+11 1.48091188e+10
  6.63955083e+08 7.33503901e+09 1.66048832e+11 1.58530887e+11]
 [3.43896196e+11 2.66897491e+10 4.87625153e+09 2.79388917e+10
  2.54537180e+11 1.15665335e+11 2.00446554e+12 4.08959278e+12
  1.89934745e+12 1.01729158e+12 5.21909248e+12 7.94438644e+12
  2.33483568e+12 5.80185546e+11 7.15175871e+11 1.86646154e+11
  3.86593978e+09 6.88368499e+09 2.36694469e+11 3.64770328e+11]
 [2.98365780e+11 8.54415474e+10 8.11529099e+09 3.49615330e+10
  2.34298915e+11 5.54403512e+10 4.50820034e+11 3.21018019e+12
  3.62477302e+12 5.53074908e+11 2.39975697e+12 3.44435017e+12
  1.24827703e+12 3.33864497e+10 6.68227630e+11 3.94000276e+11
  1.45268480e+10 4.16892635e+09 1.06802962e+11 2.84487087e+11]]