[[2.53300405e+12 5.22531852e+11 4.27170919e+10 2.09727241e+11
  1.94042945e+12 5.88174386e+11 4.32572706e+12 2.21562754e+13
  1.96117211e+13 3.05019100e+12 1.73185644e+13 3.41737337e+13
  1.30318010e+13 2.64127931e+11 3.88167408e+12 2.08232175e+12
  9.22449195e+10 3.69700327e+10 1.14581924e+12 2.57077131e+12]
 [1.30628252e+12 5.92465770e+10 2.62208694e+09 5.75692443e+10
  9.48050017e+11 4.97480766e+11 8.22865339e+12 1.22525474e+13
  1.78884559e+12 1.21201987e+12 1.67616790e+13 3.31686972e+13
  9.97530862e+12 2.07417234e+12 1.26254338e+12 1.12142973e+11
  9.65712488e+09 2.69702848e+10 1.02261284e+12 1.44662346e+12]
 [1.18036207e+11 2.37914063e+09 1.22421332e+09 1.00318204e+10
  1.08124070e+11 2.59316263e+11 1.87228315e+12 2.05597262e+12
  4.30732022e+11 5.41191119e+11 3.55150023e+12 4.93930435e+12
  1.51896290e+12 7.66786695e+11 2.99529979e+11 3.12314363e+10
  6.19666803e+08 6.01001226e+09 1.33011009e+11 1.29516232e+11]
 [9.04017817e+10 7.88803397e+09 1.76576085e+10 3.97360341e+10
  1.53024221e+11 5.39186420e+11 2.82963982e+12 4.90241407e+12
  3.66000104e+12 5.55472512e+12 8.71672076e+12 5.43166264e+12
  1.90477650e+12 2.05187863e+12 1.64171235e+12 2.95094963e+11
  5.30261201e+09 1.21176321e+10 1.20014242e+11 8.87298887e+10]
 [3.06682491e+11 3.61373979e+11 4.06851087e+11 6.15958798e+11
  1.34258375e+12 1.61638905e+12 1.44412984e+13 5.95370251e+13
  7.22385075e+13 1.25458079e+14 1.06847218e+14 1.89140313e+13
  5.50456089e+12 2.46565881e+13 2.90017180e+13 5.30654531e+12
  1.71182437e+11 1.03772180e+11 1.86997224e+11 2.39337593e+11]
 [3.81186764e+11 2.28131322e+12 1.53164169e+12 1.96255491e+12
  4.68276209e+12 3.61644869e+12 4.15075911e+13 1.81093287e+14
  2.56457102e+14 4.73165924e+14 3.43346901e+14 4.51369163e+13
  1.30266234e+13 8.89125436e+13 9.64618077e+13 1.74028068e+13
  8.90695559e+11 3.68118148e+11 2.55462469e+11 2.85844382e+11]
 [5.86829751e+11 5.00372045e+12 2.12645015e+12 2.78538172e+12
  1.36302172e+13 6.52625399e+13 2.02794035e+14 2.98473601e+14
  3.56404026e+14 6.80289578e+14 6.33970871e+14 2.61535295e+14
  1.63327405e+14 2.19708196e+14 1.33957080e+14 2.26249907e+13
  1.84443666e+12 1.33793185e+12 5.14513019e+12 5.55420687e+11]
 [1.38274445e+12 5.27227975e+12 8.73633491e+11 2.10988206e+12
  2.99763082e+13 2.36809349e+14 5.54140209e+14 3.53660913e+14
  1.73404961e+14 3.68261737e+14 8.72069189e+14 7.26855139e+14
  5.64556963e+14 4.11309811e+14 8.83290065e+13 9.27081331e+12
  2.10161671e+12 3.34005069e+12 1.68555197e+13 1.49876609e+12]
 [2.69616491e+12 5.84097443e+12 8.68319247e+10 1.88830718e+12
  4.52681125e+13 3.84299864e+14 8.27093402e+14 4.16940837e+14
  6.43716093e+13 1.89120205e+14 1.09209460e+15 1.06520896e+15
  9.06069758e+14 5.79930130e+14 6.79245580e+13 1.33091704e+12
  2.48269859e+12 5.08739970e+12 2.56010002e+13 3.00093021e+12]
 [3.14924505e+12 1.33499194e+13 3.01484059e+12 4.48378109e+12
  4.71099487e+13 3.16476159e+14 7.13466273e+14 5.70155814e+14
  5.30542392e+14 1.03547950e+15 1.35505395e+15 8.83431029e+14
  7.52389880e+14 6.27728311e+14 2.00676789e+14 3.09583883e+13
  4.71892763e+12 4.83539124e+12 2.03028726e+13 3.27939395e+12]
 [2.29176044e+12 2.29923890e+13 7.54889820e+12 8.10057847e+12
  3.68325023e+13 1.06027262e+14 3.52009108e+14 7.25603698e+14
  1.23940215e+15 2.30569950e+15 1.53806570e+15 3.86623037e+14
  2.69833993e+14 5.57940900e+14 3.92647605e+14 7.67281879e+13
  7.40310942e+12 3.08633025e+12 6.47634547e+12 1.97357166e+12]
 [1.37756971e+12 2.24576753e+13 8.30801838e+12 8.56288784e+12
  2.69887759e+13 6.44601941e+12 1.59965612e+14 7.07810373e+14
  1.34839000e+15 2.50217072e+15 1.43296532e+15 1.36581400e+14
  3.75977119e+13 4.52935113e+14 4.23892799e+14 8.45513905e+13
  7.18018460e+12 1.93621989e+12 7.13853260e+09 9.92904657e+11]
 [9.21628682e+11 1.21614380e+13 4.67636220e+12 5.31862621e+12
  2.18236256e+13 6.57589967e+13 2.34621044e+14 4.97147375e+14
  7.67468377e+14 1.44637605e+15 1.03831329e+15 2.69332455e+14
  1.68556645e+14 3.52213324e+14 2.60550281e+14 4.81798210e+13
  4.11593691e+12 1.90211403e+12 4.44426461e+12 7.96554953e+11]
 [7.05121408e+11 3.44768010e+12 1.09030454e+12 1.85118779e+12
  1.57486617e+13 1.10140400e+14 2.94381529e+14 2.55263144e+14
  1.93461231e+14 3.83895817e+14 5.85009946e+14 3.99338991e+14
  2.69127457e+14 2.35903722e+14 8.37358841e+13 1.16992685e+13
  1.36155644e+12 1.72100328e+12 8.82820467e+12 7.35561393e+11]
 [7.19467397e+11 6.08696258e+11 1.44434126e+10 4.44267015e+11
  7.65480515e+12 6.52936488e+13 1.84566594e+14 1.08321520e+14
  1.23637175e+13 3.64760430e+13 2.64029125e+14 2.78062246e+14
  1.64671733e+14 1.12634324e+14 1.58676982e+13 2.59965928e+11
  3.15275291e+11 9.09801746e+11 6.45712728e+12 8.00995777e+11]
 [5.17337675e+11 1.40358623e+11 6.64668377e+10 2.17685403e+11
  2.00962285e+12 1.40251583e+13 4.90268562e+13 3.98919277e+13
  1.42767241e+13 2.79854948e+13 8.67415584e+13 8.23894778e+13
  3.90487346e+13 2.98929001e+13 8.68927126e+12 8.92792262e+11
  7.93158545e+10 2.18968596e+11 1.90862636e+12 5.60134297e+11]
 [8.44931350e+10 8.82877342e+09 2.11786268e+10 4.48919683e+10
  1.45203812e+11 4.34332862e+11 2.44432532e+12 5.15937032e+12
  4.33702153e+12 6.52605650e+12 8.95502688e+12 4.58658518e+12
  1.55214229e+12 2.00087007e+12 1.88326206e+12 3.53315252e+11
  5.82583738e+09 1.10207085e+10 9.58976486e+10 7.97318933e+10]
 [6.48249341e+10 7.32096133e+09 1.38056236e+10 3.48544266e+10
  6.81472239e+10 1.47823837e+10 4.44562135e+11 3.26511542e+12
  3.46650638e+12 3.58981020e+12 4.51267425e+12 8.46869952e+11
  1.25425899e+11 6.15231093e+11 1.29668597e+12 3.33212734e+11
  1.52980504e+09 2.54299952e+09 5.30559900e+09 4.84833302e+10]
 [7.33515059e+11 1.97479208e+11 6.34412611e+10 2.21566815e+11
  6.05643611e+11 5.28028252e+10 2.22479403e+12 1.96700397e+13
  2.21506870e+13 1.10169112e+13 2.13494985e+13 6.96386224e+12
  1.28906353e+12 1.67000021e+12 6.37584941e+12 2.38902251e+12
  2.50169500e+10 1.19380365e+10 9.27715012e+10 5.74383299e+11]
 [2.38781812e+12 5.88718185e+11 5.26764760e+10 2.38980525e+11
  1.85227814e+12 4.98765971e+11 3.84153603e+12 2.33020899e+13
  2.37776791e+13 3.65513430e+12 1.77736010e+13 2.98770612e+13
  1.11309945e+13 2.58140855e+11 4.50821384e+12 2.56139499e+12
  1.01689689e+11 3.41032848e+10 9.66814305e+11 2.34967461e+12]]