[[2.63598591e+12 5.97131614e+11 4.78316937e+10 2.06325981e+11
  1.70501307e+12 5.21478430e+11 4.27632263e+12 2.46389438e+13
  2.25044726e+13 3.18053586e+12 1.57358155e+13 2.97184635e+13
  1.22556282e+13 2.81822617e+11 4.46648939e+12 2.28447099e+12
  8.81023383e+10 3.21872752e+10 1.03307298e+12 2.61035267e+12]
 [1.68895715e+12 2.06002223e+11 3.20415665e+10 3.96087684e+10
  8.67293280e+10 1.85029845e+11 7.65162827e+12 2.73908307e+13
  1.51065208e+13 3.20194680e+12 1.73070420e+12 7.57468663e+12
  6.63437632e+12 3.19931990e+12 5.75813654e+12 1.01709463e+12
  3.31140258e+09 3.34767243e+09 4.70966051e+11 1.59370551e+12]
 [1.49339362e+11 6.99874052e+09 6.58288226e+09 7.63816877e+09
  1.95789437e+10 1.08026899e+11 1.75146263e+12 4.22882514e+12
  2.17902410e+12 1.08598302e+12 7.78716622e+11 1.41987885e+12
  1.04702241e+12 1.13827766e+12 1.07146626e+12 1.36912823e+11
  2.88585019e+08 1.21276002e+09 6.63004354e+10 1.41547686e+11]
 [8.58429480e+10 6.73466571e+09 1.56907318e+10 4.03881161e+10
  1.75742049e+11 6.24267655e+11 2.87240536e+12 4.29680399e+12
  3.14864008e+12 5.32707067e+12 9.61835501e+12 6.38482707e+12
  2.06140631e+12 1.88789497e+12 1.39646399e+12 2.68372648e+11
  5.55224270e+09 1.41082814e+10 1.36537001e+11 8.69776885e+10]
 [1.23049813e+11 5.52247474e+10 1.92023325e+11 6.72868748e+11
  3.53186103e+12 1.29924370e+13 1.87782590e+13 7.22516178e+12
  2.27756059e+13 9.96471695e+13 1.92793208e+14 9.98029746e+13
  2.23382451e+13 5.63726232e+12 5.70075146e+12 3.01768212e+12
  2.20702231e+11 3.39966491e+11 1.51965406e+12 1.68757869e+11]
 [1.21211953e+11 2.38712210e+11 6.87452842e+11 2.15382072e+12
  1.32824145e+13 5.34662781e+13 5.73230647e+13 1.02549857e+13
  7.28158775e+13 3.71219904e+14 6.42266330e+14 3.06820475e+14
  8.01180159e+13 1.29511018e+13 1.49554815e+13 9.56542653e+12
  1.16414859e+12 1.34727546e+12 4.48763474e+12 1.85922348e+11]
 [5.01185095e+11 3.21352721e+12 1.58331229e+12 2.89625127e+12
  1.94049901e+13 9.94339722e+13 2.12332867e+14 2.02907648e+14
  2.40914833e+14 6.15102995e+14 8.07801081e+14 4.07387365e+14
  2.07425141e+14 1.70850499e+14 8.61087173e+13 1.79192251e+13
  2.06062339e+12 1.99027869e+12 7.51299860e+12 5.22502928e+11]
 [1.69910643e+12 1.27828584e+13 2.76255018e+12 1.74902226e+12
  8.91688229e+12 1.13390017e+14 5.22605843e+14 6.54374772e+14
  5.72399701e+14 5.92950913e+14 3.12762431e+14 2.67982101e+14
  4.08150705e+14 5.80247978e+14 2.43816337e+14 2.51511049e+13
  1.24704936e+12 1.01962999e+12 9.29431594e+12 1.62036069e+12]
 [3.52718360e+12 2.24818820e+13 3.83808987e+12 1.19877843e+12
  1.89392112e+12 1.33857363e+14 7.66612090e+14 9.76912077e+14
  8.56563838e+14 6.31940408e+14 3.86335423e+13 2.09656886e+14
  5.90976288e+14 9.13416253e+14 3.63143644e+14 3.25315546e+13
  6.52036239e+11 4.16235528e+11 1.12779331e+13 3.32033453e+12]
 [3.50412853e+12 1.96912536e+13 4.37343436e+12 4.23841603e+12
  3.10953398e+13 2.24877104e+14 6.91946923e+14 7.66678393e+14
  8.17739332e+14 1.19517085e+15 9.83631716e+14 5.82855509e+14
  6.37418080e+14 7.48073387e+14 3.05227874e+14 4.22270529e+13
  4.03199391e+12 3.13277389e+12 1.52215885e+13 3.41579439e+12]
 [1.42413928e+12 7.48905912e+12 4.22740042e+12 8.70044837e+12
  7.59851095e+13 3.29969155e+14 4.04619739e+14 2.45144179e+14
  5.37261435e+14 1.91528516e+15 2.44612091e+15 1.12147178e+15
  5.50917705e+14 2.63720572e+14 1.37040518e+14 4.91784926e+13
  9.08252889e+12 7.24889885e+12 1.88990976e+13 1.64009908e+12]
 [3.28684394e+11 1.45405165e+12 3.57330006e+12 9.43318906e+12
  8.17342991e+13 3.22546569e+14 2.36303198e+14 1.03250553e+12
  3.48510200e+14 1.94325716e+15 2.76261032e+15 1.21643198e+15
  4.35298656e+14 3.20195473e+13 5.12766695e+13 4.51709393e+13
  9.49078832e+12 7.83201456e+12 1.80852578e+13 5.89762702e+11]
 [5.80583932e+11 4.06487929e+12 2.64007104e+12 5.70764052e+12
  4.45261212e+13 1.98807582e+14 2.68615742e+14 1.72971632e+14
  3.37343816e+14 1.20415649e+15 1.64125752e+15 7.64007056e+14
  3.37165817e+14 1.70094494e+14 9.29317310e+13 3.10605391e+13
  5.03717814e+12 4.40357541e+12 1.25953982e+13 6.65473466e+11]
 [7.88123627e+11 5.18263966e+12 1.61668470e+12 1.74373895e+12
  1.01520607e+13 7.70232756e+13 2.85137003e+14 3.47880555e+14
  3.05387181e+14 4.47071167e+14 4.16543003e+14 2.57986965e+14
  2.26390290e+14 2.83253990e+14 1.30107958e+14 1.62598449e+13
  1.15203982e+12 1.08878361e+12 6.53339325e+12 7.67463524e+11]
 [9.41774879e+11 2.35534812e+12 7.36319104e+11 2.80713394e+11
  3.01142451e+11 2.26664804e+13 1.71042599e+14 2.54407337e+14
  1.69397463e+14 1.23651269e+14 8.41964735e+12 5.42935939e+13
  1.07301103e+14 1.77589835e+14 8.55647050e+13 6.96180087e+12
  8.14424222e+10 7.25129513e+10 2.83814759e+12 8.86440268e+11]
 [6.34033350e+11 3.34911639e+11 2.02986497e+11 1.81520026e+11
  6.18371610e+11 6.79585899e+12 4.62707861e+13 7.31352931e+13
  4.57096192e+13 4.43879213e+13 3.21242348e+13 3.09858282e+13
  2.83511933e+13 4.19793822e+13 2.34966686e+13 2.34732878e+12
  4.78468050e+10 6.88708308e+10 1.06174393e+12 6.04986600e+11]
 [7.15104207e+10 5.54419415e+09 1.55773260e+10 4.67489770e+10
  2.09899982e+11 6.76628469e+11 2.56611366e+12 3.43470493e+12
  2.88076018e+12 5.87773876e+12 1.15227143e+13 7.30102101e+12
  1.99819499e+12 1.53387496e+12 1.18484012e+12 2.77215047e+11
  6.53673937e+09 1.66897091e+10 1.42951410e+11 7.47419513e+10]
 [2.02654708e+10 7.45046226e+08 6.17765738e+09 3.82617454e+10
  1.94189576e+11 2.30139998e+11 6.16547910e+11 1.72099997e+11
  9.77844891e+11 2.81430899e+12 8.45968051e+12 5.85670715e+12
  7.97224462e+11 8.64205693e+10 1.97848934e+11 1.82777232e+11
  2.00109385e+09 9.37179948e+09 1.00266869e+11 3.13567780e+10]
 [2.99602584e+11 3.10738576e+10 3.00826889e+10 2.41932092e+11
  1.58229000e+12 4.07089059e+11 2.87907937e+12 2.50483079e+12
  7.04985459e+12 8.76054493e+12 3.83930310e+13 3.59847580e+13
  5.07732671e+12 3.94202114e+11 1.27832318e+12 1.36290324e+12
  3.22123266e+10 3.87235756e+10 7.18280505e+11 4.07607847e+11]
 [2.28381030e+12 5.13375218e+11 4.75109197e+10 2.42415671e+11
  2.09003986e+12 5.66126389e+11 3.89143264e+12 2.07946878e+13
  2.08561083e+13 3.52349088e+12 1.93721181e+13 3.43767173e+13
  1.19148999e+13 2.40269885e+11 3.91757228e+12 2.35723182e+12
  1.05873541e+11 3.89336909e+10 1.08068380e+12 2.30969891e+12]]