[[2.01554786e+12 4.12238833e+11 3.41921294e+10 1.71906736e+11
  1.60465158e+12 4.81293174e+11 3.46845519e+12 1.74956118e+13
  1.55681033e+13 2.47845046e+12 1.43079902e+13 2.81333530e+13
  1.05372577e+13 2.09479976e+11 3.06568429e+12 1.67518975e+12
  7.58769622e+10 3.05485068e+10 9.34049642e+11 2.05283267e+12]
 [1.55947215e+12 6.95535813e+10 7.95715540e+09 1.15415474e+11
  1.44386139e+12 6.68571198e+11 1.01279443e+13 1.41517326e+13
  2.99477765e+12 3.07323739e+12 2.75901093e+13 4.65035816e+13
  1.26879487e+13 2.44140739e+12 1.55541409e+12 3.68169773e+11
  1.78175354e+10 3.97941408e+10 1.34750222e+12 1.75201880e+12]
 [1.77452804e+11 2.07405580e+09 1.48288360e+08 1.83485520e+10
  2.13552240e+11 4.80283435e+11 3.06012653e+12 2.46598087e+12
  6.01761929e+10 7.61524892e+11 7.03966703e+12 9.44472189e+12
  2.63563233e+12 1.08723321e+12 1.92656936e+11 1.64965136e+10
  1.18963203e+09 1.17704610e+10 2.41559484e+11 2.03524695e+11]
 [1.44688891e+11 4.05338937e+09 3.56706854e+09 3.19370172e+10
  2.98118361e+11 1.43201899e+12 5.87870679e+12 4.32497366e+12
  7.75941010e+11 2.59464720e+12 1.28783227e+13 1.36130647e+13
  4.67239394e+12 2.75854052e+12 6.13091560e+11 7.54672183e+10
  5.39322471e+09 2.63011545e+10 3.17426158e+11 1.63062829e+11]
 [3.77613142e+11 1.65019163e+11 1.36087218e+11 2.87877307e+11
  1.60245585e+12 9.07062683e+12 3.27724529e+13 3.70206548e+13
  2.52458517e+13 4.77347185e+13 8.13845868e+13 5.61624615e+13
  2.50156422e+13 2.33120385e+13 1.17660454e+13 1.80738174e+12
  9.22363931e+10 1.63653817e+11 1.21875923e+12 3.89425839e+11]
 [2.33598703e+11 1.17204200e+12 7.06963674e+11 8.14559747e+11
  1.64527497e+12 1.48822566e+12 2.90237246e+13 9.83055793e+13
  1.23185095e+14 2.05448606e+14 1.30665376e+14 1.37002137e+13
  1.09986972e+13 5.18910743e+13 4.83606409e+13 7.87057974e+12
  3.60077628e+11 1.22851215e+11 1.72776794e+11 1.85311164e+11]
 [3.82104962e+11 3.38243760e+12 1.39459080e+12 1.70016371e+12
  7.59118090e+12 3.59463655e+13 1.26609762e+14 2.00878914e+14
  2.37952864e+14 4.29043471e+14 3.65771781e+14 1.41784857e+14
  9.66200980e+13 1.45270484e+14 9.03756081e+13 1.46642672e+13
  1.10504294e+12 7.34504153e+11 2.89012724e+12 3.55077296e+11]
 [1.43811920e+12 5.41676757e+12 1.17269470e+12 3.00746220e+12
  3.78389105e+13 2.72207034e+14 5.91081822e+14 3.59144954e+14
  2.01776727e+14 5.41470639e+14 1.15262944e+15 8.64475090e+14
  6.19368845e+14 4.23091388e+14 9.29935410e+13 1.31653695e+13
  2.92116901e+12 4.12617334e+12 1.90584088e+13 1.57717388e+12]
 [3.76690051e+12 6.41552645e+12 2.47932857e+11 4.33717703e+12
  8.32096866e+13 6.29478297e+14 1.21793719e+15 5.19853421e+14
  4.96202551e+13 5.36867603e+14 2.14054760e+15 1.81902970e+15
  1.39507541e+15 7.84282882e+14 6.75432195e+13 5.50724680e+12
  5.33193485e+12 9.09946794e+12 4.10679571e+13 4.30640849e+12]
 [5.04072949e+12 8.04760964e+12 4.18747421e+11 4.92682152e+12
  9.58992668e+13 7.16173615e+14 1.35220512e+15 5.81126811e+14
  7.95626230e+13 6.41441669e+14 2.36644157e+15 1.98893126e+15
  1.58501976e+15 8.90067410e+14 8.19824919e+13 7.57244965e+12
  6.33169996e+12 1.03385868e+13 4.53247650e+13 5.74899206e+12]
 [3.32066795e+12 1.05888341e+13 2.15331341e+12 4.48450075e+12
  5.81022503e+13 3.99869170e+14 8.12988226e+14 5.11773489e+14
  3.69387873e+14 8.97716439e+14 1.58031704e+15 1.12425768e+15
  9.06600034e+14 6.30112770e+14 1.50050608e+14 2.32980276e+13
  5.02260900e+12 6.06667226e+12 2.53647552e+13 3.60018734e+12]
 [1.12187939e+12 1.07947746e+13 3.39306060e+12 3.52090083e+12
  1.59843901e+13 6.15644109e+13 2.22725013e+14 3.90081513e+14
  5.74605555e+14 1.00353990e+15 6.76341936e+14 2.02792191e+14
  1.74100638e+14 3.11232748e+14 1.93760778e+14 3.41001193e+13
  3.04094380e+12 1.40301208e+12 4.12059309e+12 1.00208843e+12]
 [5.13149255e+11 7.23237065e+12 2.62748078e+12 2.61504482e+12
  7.85606591e+12 1.51185549e+13 1.14427469e+14 2.95128239e+14
  4.44666208e+14 7.58986893e+14 4.38530091e+14 6.81759513e+13
  6.26365921e+13 2.02959909e+14 1.54058957e+14 2.65337181e+13
  1.93877341e+12 6.14150330e+11 1.14148932e+12 4.21645577e+11]
 [6.19390773e+11 2.97235097e+12 9.98199067e+11 1.81441213e+12
  1.53821125e+13 1.03397737e+14 2.63238743e+14 2.20157328e+14
  1.71331878e+14 3.69244190e+14 5.76082786e+14 3.81626439e+14
  2.45363164e+14 2.05598014e+14 7.25684108e+13 1.09104098e+13
  1.34054641e+12 1.67011955e+12 8.20702296e+12 6.51509055e+11]
 [9.12168911e+11 7.31232195e+11 1.26538646e+11 1.00024067e+12
  1.25754570e+13 9.41889852e+13 2.42437203e+14 1.30772819e+14
  2.33847809e+13 1.17343712e+14 4.71373826e+14 4.19097031e+14
  2.24194797e+14 1.40253527e+14 1.97839576e+13 1.98064613e+12
  6.40713415e+11 1.44586169e+12 9.12551596e+12 1.03302203e+12]
 [8.00174526e+11 1.06771675e+11 5.86855037e+09 3.36584651e+11
  4.05560293e+12 2.77209925e+13 8.43667185e+13 4.57853464e+13
  1.54752747e+12 2.80690197e+13 1.67748180e+14 1.66638827e+14
  7.21750068e+13 4.28170406e+13 4.56375280e+12 2.90905408e+11
  1.37040256e+11 4.45010068e+11 3.70410744e+12 9.17315029e+11]
 [1.32836508e+11 4.30131653e+09 4.91408244e+09 3.13064658e+10
  2.69357510e+11 1.27442422e+12 5.30389985e+12 4.21033222e+12
  1.05274842e+12 2.79061933e+12 1.18546819e+13 1.21422427e+13
  4.17662960e+12 2.56853617e+12 6.98739127e+11 9.54705328e+10
  5.13804467e+09 2.36220234e+10 2.82611383e+11 1.48256117e+11]
 [7.07142533e+10 3.37644785e+09 4.96147960e+09 1.53128403e+10
  6.65307472e+10 1.12749302e+11 9.30271708e+11 1.92651987e+12
  1.30138653e+12 1.37660271e+12 2.91095678e+12 2.32201059e+12
  6.76474826e+11 5.22696120e+11 5.46223857e+11 1.20251183e+11
  7.45752358e+08 3.30261330e+09 5.72036276e+10 7.01804541e+10]
 [4.10535751e+11 1.05984098e+11 3.12243655e+10 9.53591856e+10
  1.84604961e+11 2.20774518e+08 1.17146842e+12 1.08424066e+13
  1.13199445e+13 5.05143507e+12 7.88319137e+12 8.95159838e+11
  4.76057505e+11 9.35886282e+11 3.36846629e+12 1.15045956e+12
  1.03264600e+10 3.07930938e+09 5.18087939e+09 3.16698093e+11]
 [1.72431380e+12 4.29681909e+11 3.80022284e+10 1.68329169e+11
  1.28046048e+12 3.46912431e+11 2.74614559e+12 1.69844048e+13
  1.72714019e+13 2.60050152e+12 1.23533866e+13 2.06551738e+13
  7.86493583e+12 1.87178412e+11 3.28783983e+12 1.83978963e+12
  7.12706936e+10 2.35467488e+10 6.75637666e+11 1.68900549e+12]]