[[1.06551285e+12 2.09653166e+11 1.61949829e+10 7.92577485e+10
  7.70554702e+11 2.45403400e+11 1.83212012e+12 9.09689068e+12
  7.57999404e+12 1.14434530e+12 6.72358566e+12 1.40208231e+13
  5.51566873e+12 1.10387739e+11 1.53734095e+12 7.84364202e+11
  3.51226096e+10 1.48541451e+10 4.81205509e+11 1.08601186e+12]
 [1.75238642e+12 9.91517796e+10 6.09487100e+09 5.57246220e+10
  9.93180729e+11 5.73071333e+11 1.04876884e+13 1.83221858e+13
  4.00369247e+12 1.30075616e+12 1.68679899e+13 3.68258836e+13
  1.21772899e+13 2.87170955e+12 2.29098202e+12 1.98347260e+11
  9.39106490e+09 2.88330513e+10 1.20085358e+12 1.89072665e+12]
 [2.66633980e+11 5.14605557e+09 4.57321357e+08 9.47800502e+09
  1.83338580e+11 5.23949113e+11 4.13812157e+12 4.66712063e+12
  6.00317776e+11 2.20073238e+11 5.25994226e+12 9.45986939e+12
  3.25885755e+12 1.74414092e+12 6.04922196e+11 3.31250201e+09
  7.22361274e+08 1.07057615e+10 2.74940323e+11 2.89833101e+11]
 [2.55189518e+11 8.47349623e+09 1.21082185e+09 1.71839505e+10
  3.09435435e+11 1.93560286e+12 9.62237477e+12 8.55999553e+12
  1.17406476e+12 6.38093841e+11 1.12716123e+13 1.68349189e+13
  7.10419599e+12 5.06116300e+12 1.27035983e+12 7.33998517e+09
  3.60531716e+09 2.92085857e+10 4.47297398e+11 2.77335737e+11]
 [6.90504578e+11 1.73041684e+11 4.12587973e+10 1.52527215e+11
  2.08479805e+12 1.70900760e+13 6.45868050e+13 5.23850420e+13
  1.29909846e+13 1.53865742e+13 8.03953889e+13 9.55013707e+13
  5.02278279e+13 3.99334311e+13 1.00303407e+13 4.74935058e+11
  6.22441386e+10 2.37395652e+11 2.37507306e+12 7.44093388e+11]
 [2.07112887e+11 4.90383304e+11 2.47843995e+11 4.00665699e+11
  2.27328740e+12 1.36955695e+13 4.39975770e+13 5.11285923e+13
  4.36278502e+13 8.26489593e+13 1.07217311e+14 6.29075904e+13
  3.53124740e+13 3.71490300e+13 1.87190786e+13 2.83092671e+12
  2.04419706e+11 2.40439076e+11 1.34003432e+12 2.08134598e+11]
 [1.00730237e+11 1.19761911e+12 5.94490783e+11 7.85443433e+11
  3.19858035e+12 9.97013397e+12 2.98703892e+13 6.39890577e+13
  9.54307363e+13 1.94649994e+14 1.64983633e+14 4.80488568e+13
  2.20668260e+13 4.09224351e+13 3.35428037e+13 6.41204699e+12
  5.10563333e+11 2.92109791e+11 7.29538959e+11 8.82645434e+10]
 [1.32171229e+12 5.27799656e+12 6.99826586e+11 1.41687836e+12
  2.31004419e+13 2.02663510e+14 5.14458288e+14 3.50852206e+14
  1.61523533e+14 2.44350723e+14 6.37055154e+14 5.99157015e+14
  5.08225840e+14 3.98739219e+14 8.77401996e+13 6.79078816e+12
  1.44892622e+12 2.63824471e+12 1.46858707e+13 1.41290925e+12]
 [5.16023632e+12 1.38811026e+13 4.07391906e+11 2.18351826e+12
  6.59694194e+13 6.30295328e+14 1.50599288e+15 8.85778991e+14
  2.24737415e+14 1.85994496e+14 1.48786287e+15 1.67492361e+15
  1.58005132e+15 1.14411667e+15 1.76150518e+14 2.52847087e+12
  3.07337306e+12 7.62738299e+12 4.28738080e+13 5.60038989e+12]
 [8.42874291e+12 1.95202334e+13 2.43696410e+11 2.62225525e+12
  9.22280410e+13 8.85471998e+14 2.05700038e+15 1.17304538e+15
  2.62872174e+14 1.54552176e+14 1.95082675e+15 2.25344719e+15
  2.21652056e+15 1.57424141e+15 2.25098772e+14 1.56627365e+11
  4.10251886e+12 1.05819091e+13 5.84655797e+13 9.16686598e+12]
 [6.14434348e+12 1.52447102e+13 6.34666909e+11 2.40991957e+12
  6.85652640e+13 6.40181472e+14 1.48881961e+15 8.77894043e+14
  2.61125508e+14 2.58042549e+14 1.50139847e+15 1.63881176e+15
  1.59960495e+15 1.15466039e+15 1.83347096e+14 4.86935973e+12
  3.43035638e+12 7.78781077e+12 4.22079501e+13 6.65508647e+12]
 [1.64740576e+12 6.51316767e+12 1.11630248e+12 1.79166562e+12
  2.38831028e+13 1.89884522e+14 4.57323166e+14 3.33500438e+14
  2.21573529e+14 3.74448825e+14 6.50774848e+14 5.26054415e+14
  4.69767569e+14 3.80587862e+14 9.87310909e+13 1.10973486e+13
  1.89704668e+12 2.59342120e+12 1.27798068e+13 1.73790609e+12]
 [9.32673991e+10 2.22330658e+12 1.02773480e+12 1.22849876e+12
  4.32971783e+12 3.29429741e+12 1.22005848e+13 7.84122072e+13
  1.60059731e+14 3.32189406e+14 2.28803757e+14 3.31241468e+13
  1.96577211e+12 4.34349610e+13 5.02838458e+13 1.07970923e+13
  9.44507895e+11 3.41162787e+11 9.23587688e+10 6.21898103e+10]
 [4.15867549e+11 1.88757581e+12 5.05144241e+11 8.40288282e+11
  8.07608377e+12 6.22779110e+13 1.73838355e+14 1.46033430e+14
  9.58322355e+13 1.70501500e+14 2.85218671e+14 2.18535313e+14
  1.57325156e+14 1.38294371e+14 4.44653966e+13 5.28706927e+12
  6.31484343e+11 9.04060572e+11 5.06020423e+12 4.34769376e+11]
 [1.10831634e+12 1.23203070e+12 1.17016419e+11 4.89801656e+11
  9.11611479e+12 8.55839619e+13 2.68874498e+14 1.89301489e+14
  4.42293086e+13 4.70699273e+13 3.02000714e+14 3.51075582e+14
  2.29180660e+14 1.79770866e+14 3.62474675e+13 1.06579727e+12
  3.48514237e+11 1.10577038e+12 8.63213080e+12 1.19904027e+12]
 [1.25170484e+12 2.71041087e+11 1.19075602e+10 1.75909131e+11
  3.62058786e+12 3.15532241e+13 1.18952442e+14 8.96854968e+13
  1.31338054e+13 7.44505699e+12 1.29769552e+14 1.74031224e+14
  9.31118229e+13 7.14155724e+13 1.44480887e+13 2.04686410e+10
  8.52490148e+10 4.21420174e+11 4.39941429e+12 1.36115330e+12]
 [2.39448466e+11 8.05636727e+09 1.51443826e+09 1.68812548e+10
  2.91429739e+11 1.81338989e+12 9.01669224e+12 8.07210867e+12
  1.17239655e+12 7.17232451e+11 1.06863957e+13 1.57894152e+13
  6.65337661e+12 4.75448557e+12 1.21782526e+12 1.33346944e+10
  3.47429307e+09 2.74562670e+10 4.18940412e+11 2.60027884e+11]
 [1.24875399e+11 2.95482556e+09 1.54221280e+09 8.02071437e+09
  9.12959498e+10 2.38930542e+11 1.89386221e+12 2.37130221e+12
  5.92837475e+11 4.68457552e+11 2.89955398e+12 4.39683654e+12
  1.47731318e+12 8.32947140e+11 3.88051035e+11 3.44063029e+10
  4.94447956e+08 5.16726145e+09 1.24780615e+11 1.33964432e+11]
 [2.26493544e+11 3.78586838e+10 1.13392911e+10 4.60966190e+10
  2.04824744e+11 5.47731251e+10 1.05011808e+12 4.23847669e+12
  3.95351987e+12 2.09960349e+12 5.60152281e+12 4.40607486e+12
  1.07250329e+12 4.41716068e+11 1.17889061e+12 4.32788398e+11
  5.54471656e+09 4.81926336e+09 1.07519291e+11 2.12952434e+11]
 [6.78727306e+11 1.80305788e+11 1.70537778e+10 7.75403407e+10
  5.67595250e+11 1.41192651e+11 1.07101187e+12 6.92131470e+12
  7.56972891e+12 1.19363267e+12 5.60613655e+12 8.70511325e+12
  3.08561403e+12 7.43917942e+10 1.40107501e+12 8.33692449e+11
  3.27574867e+10 1.02745589e+10 2.70726344e+11 6.60727215e+11]]