[[1.96328287e+12 4.27749106e+11 3.31885169e+10 1.43961257e+11
  1.24314734e+12 3.94105857e+11 3.22024465e+12 1.79407530e+13
  1.57679310e+13 2.20146673e+12 1.12499626e+13 2.22324925e+13
  9.28584184e+12 2.08413736e+11 3.17349089e+12 1.58081278e+12
  6.19007848e+10 2.36984202e+10 7.82784078e+11 1.95556408e+12]
 [1.04563559e+12 1.03264678e+11 1.14212013e+10 3.32956986e+09
  8.69664044e+10 1.58343824e+11 5.13177998e+12 1.50130715e+13
  6.36950604e+12 6.94457043e+11 3.88583549e+11 7.37575804e+12
  4.85033175e+12 1.90161893e+12 2.73978319e+12 3.21285755e+11
  6.10388776e+07 3.61508707e+09 3.80126233e+11 1.02512162e+12]
 [7.43270438e+10 3.37049496e+09 4.71063841e+09 1.44599110e+10
  6.58327343e+10 1.18073621e+11 9.87937419e+11 1.96814938e+12
  1.25619349e+12 1.29365179e+12 2.81481325e+12 2.38398193e+12
  7.19445077e+11 5.44869811e+11 5.38716820e+11 1.13517371e+11
  7.08506901e+08 3.31017974e+09 6.03567722e+10 7.42103492e+10]
 [2.84755150e+10 4.59611250e+09 2.31761046e+10 7.73940631e+10
  3.04879346e+11 6.80516079e+11 1.25533867e+12 1.90892277e+12
  3.67464127e+12 9.66599626e+12 1.80557185e+13 8.81322044e+12
  1.34794273e+12 6.27113368e+11 1.17180653e+12 4.33198005e+11
  1.07081807e+10 2.29992593e+10 1.27707755e+11 3.18464156e+10]
 [7.35939440e+09 1.21529564e+11 3.82051958e+11 1.09517550e+12
  4.70120791e+12 1.27443516e+13 6.93306710e+12 8.29335604e+12
  4.93779777e+13 1.75083860e+14 2.79228195e+14 1.13357438e+14
  1.48390403e+13 3.49982457e+11 1.30404828e+13 5.74659510e+12
  3.45433755e+11 4.31074144e+11 1.34778435e+12 3.29676308e+10]
 [9.42265192e+10 8.02985858e+11 1.20379316e+12 2.85815736e+12
  1.44235187e+13 4.63638549e+13 3.66606195e+13 4.15464886e+13
  1.52793799e+14 5.40496911e+14 7.53923639e+14 2.93484692e+14
  5.76679526e+13 1.66531656e+13 4.13919896e+13 1.55941597e+13
  1.47931865e+12 1.40376109e+12 3.67234228e+12 1.20646376e+11]
 [4.02011990e+11 3.02308343e+12 1.55733092e+12 2.68322572e+12
  1.63832551e+13 7.69504511e+13 1.63115619e+14 1.79891520e+14
  2.36985872e+14 5.87522717e+14 7.08636401e+14 3.25146541e+14
  1.57063473e+14 1.41464508e+14 8.28017276e+13 1.75045025e+13
  1.87539307e+12 1.64749188e+12 5.74569777e+12 4.09033409e+11]
 [1.13245256e+12 7.06821283e+12 1.12772973e+12 4.34047939e+11
  5.04021430e+12 8.87907025e+13 3.69712598e+14 3.92849461e+14
  2.69726182e+14 1.78707487e+14 1.09588643e+14 2.05225010e+14
  3.04182244e+14 3.73993721e+14 1.28411367e+14 9.37102504e+12
  3.08168420e+11 6.76227255e+11 7.20333094e+12 1.11244882e+12]
 [1.93263297e+12 1.06135053e+13 1.90869019e+12 1.44394195e+12
  1.30940189e+13 1.36069710e+14 4.66742863e+14 4.80771671e+14
  4.01499769e+14 4.33583777e+14 3.67564179e+14 3.30139260e+14
  4.16618368e+14 4.79496649e+14 1.69491605e+14 1.72946973e+13
  1.30006029e+12 1.46529193e+12 9.84339434e+12 1.90644532e+12]
 [1.42886111e+12 1.09662679e+13 5.09074589e+12 8.52282478e+12
  6.39333637e+13 2.50973166e+14 3.38590638e+14 3.37865392e+14
  7.12292803e+14 2.02079031e+15 2.17516825e+15 8.79796995e+14
  4.23086831e+14 2.98329542e+14 1.97013194e+14 5.64623647e+13
  8.59195963e+12 5.94263492e+12 1.42714995e+13 1.48996721e+12]
 [2.47158808e+11 9.00397334e+12 7.86178547e+12 1.51593629e+13
  1.10674482e+14 3.38892223e+14 1.50148794e+14 1.40468314e+14
  9.48435170e+14 3.48715186e+15 3.87371030e+15 1.36950249e+15
  3.59865756e+14 4.93756838e+13 2.00979035e+14 9.16061844e+13
  1.53759291e+13 1.00242937e+13 1.72160256e+13 4.01993001e+11]
 [1.15472676e+11 7.23191712e+12 6.93315944e+12 1.36912713e+13
  9.62271829e+13 2.93925389e+14 1.18942895e+14 1.11408031e+14
  8.29244664e+14 3.10380494e+15 3.53120404e+15 1.24549091e+15
  3.02837274e+14 2.64650906e+13 1.76845397e+14 8.11945908e+13
  1.31724312e+13 8.81897532e+12 1.52939167e+13 2.33415211e+11]
 [4.96987438e+11 5.66623199e+12 3.45180954e+12 6.32184051e+12
  4.21180535e+13 1.60250263e+14 2.03134684e+14 2.10641716e+14
  4.67626456e+14 1.42329927e+15 1.65250929e+15 6.56206828e+14
  2.52301070e+14 1.63177784e+14 1.31969211e+14 3.92468638e+13
  5.39913763e+12 4.03183739e+12 9.84645778e+12 5.27386359e+11]
 [5.65030104e+11 3.33974603e+12 9.24079040e+11 9.69053495e+11
  6.74871529e+12 5.82018655e+13 2.10863783e+14 2.34762758e+14
  1.82704758e+14 2.45361192e+14 2.54227368e+14 1.89312924e+14
  1.70924651e+14 1.99239093e+14 8.17642299e+13 9.11531103e+12
  6.54967265e+11 7.53545429e+11 4.96134253e+12 5.59121551e+11]
 [5.60412151e+11 1.14337243e+12 2.76540619e+11 7.22187621e+10
  9.06871584e+11 2.05970234e+13 1.11242907e+14 1.33956458e+14
  7.14789990e+13 3.63753835e+13 1.77710213e+13 6.38893247e+13
  7.75354274e+13 1.01276289e+14 3.97270311e+13 2.43122442e+12
  2.50082274e+10 1.39672745e+11 2.35162277e+12 5.49855950e+11]
 [2.97663983e+11 1.66507380e+11 1.74022350e+11 3.64375218e+11
  1.66756002e+12 7.56035060e+12 2.49638793e+13 3.32398830e+13
  3.00691757e+13 6.25600067e+13 9.26264679e+13 5.07894532e+13
  1.92337618e+13 1.90295703e+13 1.26208568e+13 2.35754506e+12
  1.13251235e+11 1.62248489e+11 9.81142609e+11 3.00246372e+11]
 [2.03327899e+10 4.40466695e+09 2.53280140e+10 8.68547958e+10
  3.40446025e+11 7.24320660e+11 1.05445906e+12 1.58262426e+12
  3.90017703e+12 1.07873162e+13 2.02674506e+13 9.64621645e+12
  1.30174308e+12 4.45149635e+11 1.17679660e+12 4.77901791e+11
  1.20305744e+10 2.55590716e+10 1.32843675e+11 2.43495402e+10]
 [9.96417088e+08 2.36480781e+09 1.23999068e+10 6.00074367e+10
  2.47644678e+11 2.20232331e+11 2.43610276e+11 4.32707088e+11
  2.26750064e+12 4.81302464e+12 1.17355220e+13 6.41790980e+12
  5.36873669e+11 4.22284387e+09 5.59316630e+11 3.45390274e+11
  3.00877959e+09 1.14008999e+10 8.75531834e+10 6.69602685e+09]
 [2.56302909e+11 7.51335924e+10 4.85915139e+10 3.04252185e+11
  1.64420716e+12 3.44116549e+11 2.00173185e+12 5.59389340e+12
  1.31526438e+13 1.20133747e+13 4.29683881e+13 3.32059617e+13
  3.71232107e+12 4.59808588e+11 2.84541675e+12 2.06956179e+12
  3.88812803e+10 3.86947719e+10 5.78147190e+11 2.98395781e+11]
 [1.76320168e+12 4.14279831e+11 3.92753049e+10 1.97638726e+11
  1.64405345e+12 4.31457935e+11 2.96781681e+12 1.64857288e+13
  1.71557361e+13 2.89982259e+12 1.54731822e+13 2.64677385e+13
  9.03681155e+12 1.87055932e+11 3.18643430e+12 1.94866372e+12
  8.57713839e+10 3.03883451e+10 8.20905342e+11 1.77135256e+12]]