[[2.48983429e+12 5.16925187e+11 4.10147036e+10 1.93667364e+11
  1.77760946e+12 5.52415245e+11 4.20632362e+12 2.19577936e+13
  1.91235575e+13 2.85478407e+12 1.58398152e+13 3.16964638e+13
  1.25044821e+13 2.60689479e+11 3.82701024e+12 1.98171164e+12
  8.47655333e+10 3.39714042e+10 1.08391847e+12 2.51484682e+12]
 [2.06002879e+12 1.35417682e+11 9.92448996e+09 4.75236866e+10
  9.17546997e+11 5.87274498e+11 1.18162755e+13 2.33251235e+13
  6.29960953e+12 1.31054163e+12 1.48635137e+13 3.63115444e+13
  1.32012202e+13 3.45965629e+12 3.27063199e+12 2.92846160e+11
  7.97524201e+09 2.72657237e+10 1.25450101e+12 2.17606733e+12]
 [2.20996185e+11 5.05488990e+09 9.20234081e+08 3.81787745e+09
  1.13508612e+11 3.73925629e+11 3.27908397e+12 4.21665408e+12
  7.58128332e+11 4.10263774e+10 2.95349861e+12 6.43959654e+12
  2.47774086e+12 1.48377804e+12 6.31249427e+11 8.12601889e+09
  3.41528813e+08 6.87850900e+09 2.00621369e+11 2.34902380e+11]
 [1.56982352e+11 7.68047864e+09 7.72004131e+09 1.90195173e+10
  1.71880544e+11 1.01925550e+12 5.52250616e+12 6.28552925e+12
  2.17059345e+12 2.13080481e+12 7.06686339e+12 8.84249906e+12
  3.88927334e+12 3.26646849e+12 1.35963783e+12 1.15938344e+11
  3.01183593e+09 1.57352048e+10 2.37658619e+11 1.64438920e+11]
 [2.91832736e+11 1.97733188e+11 2.08759254e+11 3.88293465e+11
  1.50066597e+12 6.06976619e+12 2.22462944e+13 3.72937701e+13
  3.66642652e+13 7.05854782e+13 8.92446527e+13 4.19323636e+13
  1.59434926e+13 1.96181448e+13 1.52420727e+13 2.78144053e+12
  1.16766579e+11 1.41261915e+11 7.87505471e+11 2.80716775e+11]
 [9.85197549e+10 1.09263518e+12 9.46569048e+11 1.48982038e+12
  4.65950680e+12 5.25817119e+12 4.56960913e+12 7.40048088e+13
  1.45141915e+14 3.30617159e+14 3.01594287e+14 5.89194246e+13
  1.39776886e+11 2.82706573e+13 4.92387298e+13 1.12213767e+13
  7.07929984e+11 3.96633745e+11 2.49204578e+11 5.49793161e+10]
 [4.08743663e+11 3.65592773e+12 1.71514044e+12 2.45571253e+12
  1.24758485e+13 5.45531466e+13 1.44537859e+14 2.11374466e+14
  2.76168155e+14 5.80838528e+14 5.77706442e+14 2.31048264e+14
  1.22768276e+14 1.53003850e+14 9.97699347e+13 1.86204411e+13
  1.64886127e+12 1.21777288e+12 4.14972089e+12 3.89644235e+11]
 [1.89758267e+12 8.87798555e+12 1.38898809e+12 1.96248592e+12
  2.82165984e+13 2.57388381e+14 7.07615457e+14 5.48247268e+14
  3.09223292e+14 4.00123338e+14 7.88320038e+14 7.44218471e+14
  6.74467781e+14 5.87409684e+14 1.54197154e+14 1.30541878e+13
  1.89650918e+12 3.23030316e+12 1.89084110e+13 1.98490592e+12]
 [4.84195769e+12 1.50669216e+13 5.52207358e+11 9.33834965e+11
  4.59901193e+13 5.10822353e+14 1.35436283e+15 8.97751762e+14
  2.86506406e+14 3.45871629e+13 9.31028413e+14 1.29248845e+15
  1.36484537e+15 1.09954848e+15 2.00055164e+14 2.19938737e+12
  1.58137247e+12 5.53519871e+12 3.55421489e+13 5.14585486e+12]
 [5.85131177e+12 1.77195520e+13 1.30247850e+12 1.86182663e+12
  5.17443717e+13 5.27486824e+14 1.35138954e+15 9.23101571e+14
  4.01326053e+14 2.87453479e+14 1.10123807e+15 1.30356494e+15
  1.39358620e+15 1.13210762e+15 2.29042787e+14 1.00906475e+13
  2.52760042e+12 5.98163583e+12 3.54270954e+13 6.18545875e+12]
 [3.06546594e+12 1.51494429e+13 3.61744883e+12 4.64748874e+12
  4.18247009e+13 2.71508715e+14 6.59160334e+14 6.09220837e+14
  6.38232618e+14 1.15543953e+15 1.26369156e+15 7.57052665e+14
  6.67611775e+14 6.29991020e+14 2.33779540e+14 3.65398725e+13
  4.70512812e+12 4.21902176e+12 1.75477831e+13 3.10861809e+12]
 [5.58028964e+11 1.06378971e+13 4.74972852e+12 6.07460579e+12
  2.83471180e+13 5.12223551e+13 7.67416153e+13 3.10427311e+14
  7.15635560e+14 1.61517602e+15 1.23360811e+15 2.70954240e+14
  5.82848000e+13 1.85826290e+14 2.08838446e+14 5.02904223e+13
  5.39218214e+12 2.35960113e+12 2.44630030e+12 4.14449431e+11]
 [3.99482980e+11 7.04174559e+12 3.33056116e+12 4.43386489e+12
  2.03477247e+13 4.93324283e+13 9.57020139e+13 2.58519065e+14
  5.07764007e+14 1.13683681e+15 9.35889444e+14 2.40921890e+14
  7.87106636e+13 1.62213700e+14 1.58446600e+14 3.55387324e+13
  3.53061536e+12 1.78122427e+12 2.85921051e+12 3.30322597e+11]
 [7.93056474e+11 4.07067557e+12 1.18611180e+12 1.73619513e+12
  1.45205463e+13 1.09140032e+14 3.19937725e+14 2.98625122e+14
  2.21711377e+14 3.78302235e+14 5.34245445e+14 3.82638844e+14
  2.81937678e+14 2.69529772e+14 9.85307598e+13 1.23067388e+13
  1.25712734e+12 1.60381264e+12 8.91236581e+12 8.14100344e+11]
 [1.19754554e+12 1.53845541e+12 1.71927590e+11 3.20433041e+11
  7.52808791e+12 8.02788212e+13 2.78542930e+14 2.20945732e+14
  6.35639658e+13 3.22115884e+13 2.31186516e+14 3.15148299e+14
  2.28280132e+14 1.98947564e+14 4.72501233e+13 1.31495676e+12
  2.41123458e+11 9.42514725e+11 8.26868060e+12 1.26880356e+12]
 [9.76221543e+11 2.56642741e+11 3.49680257e+10 8.15427711e+10
  2.14448429e+12 2.11630897e+13 8.84813440e+13 7.69611971e+13
  1.72929765e+13 3.97902958e+12 7.13975223e+13 1.11758355e+14
  6.64085536e+13 5.72931225e+13 1.47408765e+13 2.30842779e+11
  4.22403198e+10 2.57350963e+11 3.01377277e+12 1.03659324e+12]
 [1.37785997e+11 7.42973344e+09 9.51778048e+09 2.29906246e+10
  1.64332378e+11 8.91717579e+11 4.78458760e+12 5.76668259e+12
  2.39685908e+12 2.79454974e+12 7.27839987e+12 7.91287391e+12
  3.35875776e+12 2.89946470e+12 1.36559791e+12 1.49582396e+11
  3.43629964e+09 1.46297814e+10 2.06473051e+11 1.43237415e+11]
 [4.81203093e+10 3.73769434e+09 7.34397065e+09 2.29362815e+10
  7.49234291e+10 7.64884799e+10 5.44845228e+11 1.77515009e+12
  1.77270825e+12 2.12425513e+12 3.80670107e+12 1.93772524e+12
  3.81253686e+11 3.93343786e+11 6.55853593e+11 1.82633475e+11
  1.07987345e+09 3.38463118e+09 3.54833772e+10 4.39687977e+10]
 [1.99188588e+11 9.85730819e+10 4.09771576e+10 1.73834832e+11
  5.87060349e+11 4.63934578e+10 3.18241394e+11 8.34770560e+12
  1.31046988e+13 8.01056909e+12 1.89359697e+13 7.48498710e+12
  1.33320737e+11 5.51659986e+11 3.39679944e+12 1.60859803e+12
  2.04358156e+10 1.21169940e+10 5.21076863e+10 1.20853529e+11]
 [2.01814581e+12 4.99283846e+11 4.60997027e+10 2.16198282e+11
  1.69252685e+12 4.43663917e+11 3.27904591e+12 1.96441623e+13
  2.05158538e+13 3.26816313e+12 1.62437362e+13 2.69699210e+13
  9.64484046e+12 2.17612789e+11 3.84246970e+12 2.25855611e+12
  9.24275505e+10 3.10824425e+10 8.52444216e+11 1.99388824e+12]]