[[2.15157568e+12 4.48252834e+11 3.49891620e+10 1.61529122e+11
  1.47549447e+12 4.65334923e+11 3.61349390e+12 1.90587325e+13
  1.64543532e+13 2.40004857e+12 1.31351108e+13 2.65046947e+13
  1.06629098e+13 2.25771256e+11 3.31257863e+12 1.68214508e+12
  7.04918405e+10 2.82494827e+10 9.16848836e+11 2.16752120e+12]
 [2.26194861e+12 1.68014501e+11 1.43285488e+10 3.92583437e+10
  7.87139235e+11 5.64674259e+11 1.24821692e+13 2.73977570e+13
  8.66511145e+12 1.40980585e+12 1.21103699e+13 3.35010050e+13
  1.34395962e+13 3.88105761e+12 4.19304819e+12 4.11441733e+11
  6.35341613e+09 2.40133696e+10 1.23054072e+12 2.34429470e+12]
 [2.72572037e+11 7.20445958e+09 2.06931983e+09 1.54768158e+09
  1.01799143e+11 3.97009813e+11 3.87609247e+12 5.61312976e+12
  1.29235097e+12 7.68943775e+09 2.31283041e+12 6.48506772e+12
  2.81138903e+12 1.87405047e+12 9.42356255e+11 2.48613569e+10
  1.99545774e+08 6.46563709e+09 2.18146616e+11 2.83722156e+11]
 [2.11723341e+11 1.02517846e+10 6.97914516e+09 9.78888514e+09
  1.59370657e+11 1.20539968e+12 7.27632763e+12 8.56964645e+12
  2.51995504e+12 1.07029209e+12 5.44044388e+12 9.73423159e+12
  4.95466293e+12 4.43924083e+12 1.76568425e+12 8.57024448e+10
  1.78079169e+09 1.56490052e+10 2.89364933e+11 2.19581291e+11]
 [4.20709926e+11 1.91279182e+11 1.42035378e+11 2.57025990e+11
  1.38904802e+12 8.58700584e+12 3.50346554e+13 4.28726221e+13
  2.79383323e+13 4.49762763e+13 7.00685357e+13 5.09086677e+13
  2.54998352e+13 2.64232921e+13 1.35138556e+13 1.82137419e+12
  8.07988894e+10 1.43481188e+11 1.18263547e+12 4.25761841e+11]
 [5.74291403e+10 6.66158977e+11 6.39474123e+11 1.11394305e+12
  4.06571977e+12 7.60724909e+12 5.20420917e+12 4.31243125e+13
  9.43216683e+13 2.36906929e+14 2.44304569e+14 6.27757450e+13
  5.42670048e+12 1.60122501e+13 3.07077287e+13 7.73223915e+12
  5.42441950e+11 3.64314033e+11 5.04016708e+11 3.67780946e+10]
 [2.83498732e+11 2.62913239e+12 1.32081541e+12 1.99501769e+12
  1.03527358e+13 4.30730266e+13 1.02200739e+14 1.48432705e+14
  2.07112213e+14 4.63220004e+14 4.78052125e+14 1.88258386e+14
  9.03975992e+13 1.06061780e+14 7.27681522e+13 1.45231391e+13
  1.35000038e+12 1.00783009e+12 3.20500456e+12 2.71939858e+11]
 [1.94543851e+12 9.81863997e+12 1.53005576e+12 1.67078598e+12
  2.38121203e+13 2.36356212e+14 7.03473025e+14 5.89001752e+14
  3.50179618e+14 3.77394685e+14 6.49451547e+14 6.60827817e+14
  6.50108264e+14 6.11921074e+14 1.72686057e+14 1.38287071e+13
  1.57251387e+12 2.77203818e+12 1.76579583e+13 2.00490777e+12]
 [5.73521132e+12 2.08209775e+13 1.29616421e+12 5.64706241e+11
  4.05390657e+13 5.22027471e+14 1.53632411e+15 1.15205479e+15
  4.84822941e+14 5.92547448e+13 7.40716093e+14 1.25821640e+15
  1.48654290e+15 1.33484466e+15 2.91030474e+14 7.43222334e+12
  1.06467919e+12 5.07316719e+12 3.71496485e+13 5.96594173e+12]
 [7.62471511e+12 2.49229255e+13 1.58580223e+12 8.00076345e+11
  4.74669407e+13 5.95360484e+14 1.70044987e+15 1.26318838e+15
  5.64585490e+14 1.11959410e+14 8.49228413e+14 1.38324617e+15
  1.68761804e+15 1.50083788e+15 3.25291556e+14 9.70970218e+12
  1.40930264e+12 5.82710140e+12 4.10515228e+13 7.92761650e+12]
 [4.34045090e+12 1.72487626e+13 2.61389747e+12 2.85585997e+12
  3.89881887e+13 3.52189659e+14 9.50424774e+14 7.80952525e+14
  5.60804592e+14 6.88753596e+14 9.81541222e+14 8.85221010e+14
  9.47090962e+14 8.71156416e+14 2.46073757e+14 2.41415051e+13
  3.07996008e+12 4.28619181e+12 2.36782986e+13 4.45999246e+12]
 [6.84840747e+11 7.59622553e+12 3.16031402e+12 4.35853049e+12
  2.54588644e+13 8.54225142e+13 1.52031207e+14 2.49709158e+14
  4.77974277e+14 1.10958782e+15 9.87156901e+14 3.27313725e+14
  1.53791435e+14 1.88987436e+14 1.44138246e+14 3.36727025e+13
  3.98843420e+12 2.29700148e+12 4.99060419e+12 6.33609963e+11]
 [1.79312344e+11 4.33575806e+12 2.39232254e+12 3.49463259e+12
  1.70862692e+13 3.87098663e+13 4.04694475e+13 1.43873038e+14
  3.47011018e+14 8.66955600e+14 7.69641780e+14 2.02184210e+14
  4.24087934e+13 7.87022301e+13 1.01618013e+14 2.60972147e+13
  2.82624380e+12 1.50522680e+12 2.06304317e+12 1.40179130e+11]
 [7.36569321e+11 3.86753994e+12 1.08586992e+12 1.46402290e+12
  1.21004234e+13 9.49287813e+13 2.92245165e+14 2.82481693e+14
  2.07981313e+14 3.28630565e+14 4.42654629e+14 3.26399699e+14
  2.52757660e+14 2.52191611e+14 9.34922013e+13 1.10781192e+13
  1.04945164e+12 1.34531314e+12 7.83283903e+12 7.50305289e+11]
 [1.35308269e+12 1.99734647e+12 2.95450193e+11 2.50949901e+11
  6.51761442e+12 7.88744114e+13 3.02052226e+14 2.68879429e+14
  9.56236072e+13 3.86104274e+13 1.86959847e+14 2.96271738e+14
  2.38140283e+14 2.30050356e+14 6.39653256e+13 2.32688228e+12
  1.84295510e+11 8.41533210e+11 8.29649509e+12 1.40476773e+12]
 [1.22754340e+12 3.67178916e+11 6.48534237e+10 3.06478338e+10
  1.93934611e+12 2.29251693e+13 1.06799830e+14 1.03816329e+14
  2.82474873e+13 7.14951888e+11 5.55326585e+13 1.14539628e+14
  7.69765024e+13 7.36697592e+13 2.18958970e+13 4.29661428e+11
  2.36203519e+10 2.44968364e+11 3.34588650e+12 1.27764067e+12]
 [1.89092548e+11 9.50307720e+09 7.77753426e+09 1.27195124e+10
  1.52918928e+11 1.08424282e+12 6.47679847e+12 7.77250780e+12
  2.51634396e+12 1.51136394e+12 5.61273311e+12 8.88708371e+12
  4.41351281e+12 3.97899815e+12 1.66600745e+12 1.04060046e+11
  2.10645158e+09 1.46826238e+10 2.59062098e+11 1.95687024e+11]
 [6.87667701e+10 3.27140732e+09 4.92214816e+09 1.56568234e+10
  6.88187943e+10 1.14454256e+11 9.13565518e+11 1.86208475e+12
  1.27615883e+12 1.39203683e+12 3.00773463e+12 2.38260693e+12
  6.72876361e+11 5.06586724e+11 5.30874418e+11 1.20079921e+11
  7.66023510e+08 3.41122493e+09 5.76829857e+10 6.85384812e+10]
 [6.81836803e+10 5.79991452e+10 2.81192654e+10 1.32474381e+11
  5.04658659e+11 5.08549724e+10 2.41363802e+10 4.38695341e+12
  8.55650600e+12 5.86210882e+12 1.54272460e+13 7.23196863e+12
  1.09741911e+11 2.34272403e+11 2.08301469e+12 1.12937096e+12
  1.59135012e+10 1.07700719e+10 6.21820939e+10 2.80522969e+10]
 [1.59549695e+12 3.95577044e+11 3.72474472e+10 1.78156656e+11
  1.40277084e+12 3.62024720e+11 2.60879553e+12 1.55041467e+13
  1.64321329e+13 2.67474726e+12 1.34640906e+13 2.21974954e+13
  7.74594465e+12 1.71750749e+11 3.05403359e+12 1.83320300e+12
  7.63703449e+10 2.57238994e+10 6.91926641e+11 1.58039671e+12]]