[[1.36186165e+12 2.72323935e+11 2.13275782e+10 1.03824412e+11
  9.92025227e+11 3.12246127e+11 2.33272742e+12 1.17320536e+13
  9.94384215e+12 1.50595427e+12 8.71700100e+12 1.78993201e+13
  7.00983113e+12 1.41469683e+11 2.00425285e+12 1.03367014e+12
  4.58595960e+10 1.90612690e+10 6.11703666e+11 1.38516570e+12]
 [5.56365319e+11 3.10962987e+10 1.77351994e+09 1.70965541e+10
  3.14154493e+11 1.82239877e+11 3.33441274e+12 5.78847767e+12
  1.21852770e+12 3.83406713e+11 5.30303952e+12 1.16972668e+13
  3.87384506e+12 9.10659192e+11 7.13848893e+11 5.67398975e+10
  2.91526458e+09 9.13748009e+09 3.81989219e+11 6.00768022e+11]
 [5.59580558e+10 3.93283377e+09 7.05120307e+09 2.07478225e+10
  6.69211592e+10 7.61494191e+10 6.37046690e+11 1.95100234e+12
  1.75835681e+12 1.95981588e+12 3.38792124e+12 1.80935581e+12
  4.27616998e+11 4.50338427e+11 6.75512150e+11 1.72764553e+11
  9.69329767e+08 3.04979429e+09 3.68309856e+10 5.15252234e+10]
 [6.09560109e+10 1.35749915e+10 4.16900272e+10 8.69791773e+10
  1.92264754e+11 1.53987490e+11 9.70079005e+11 6.43598157e+12
  8.02344374e+12 1.31206480e+13 1.47370093e+13 3.24839450e+12
  3.17398557e+11 1.81239800e+12 3.12978660e+12 7.07349814e+11
  1.08600209e+10 1.23806277e+10 2.30150169e+10 4.42774820e+10]
 [2.96708704e+11 5.10105961e+11 6.60381387e+11 1.09346530e+12
  2.51675231e+12 1.48392302e+12 8.60734693e+12 7.64178249e+13
  1.12024807e+14 2.15571046e+14 1.97716440e+14 3.17151331e+13
  5.11272786e+11 2.71064480e+13 4.24733827e+13 8.79335188e+12
  3.08639301e+11 1.93129869e+11 5.96520699e+10 1.93973326e+11]
 [3.63992414e+11 2.43662421e+12 1.80349867e+12 2.57546739e+12
  7.44408382e+12 1.01608948e+13 3.95058452e+13 1.85218318e+14
  2.90737493e+14 5.92311549e+14 4.95832135e+14 9.42226168e+13
  1.65697794e+13 8.68073659e+13 1.05208323e+14 2.09062623e+13
  1.20244755e+12 6.27177712e+11 7.02084210e+11 2.69345553e+11]
 [3.72930544e+11 3.40606380e+12 1.54554584e+12 2.10011441e+12
  1.01172880e+13 4.40122761e+13 1.27574594e+14 1.97178284e+14
  2.53056580e+14 5.07764102e+14 4.77687246e+14 1.84670005e+14
  1.03964109e+14 1.41198282e+14 9.25716956e+13 1.66156796e+13
  1.39381320e+12 9.79949081e+11 3.38967683e+12 3.50439721e+11]
 [6.20843621e+11 2.00571028e+12 7.84357244e+10 3.76837475e+11
  1.01602513e+13 9.80123341e+13 2.47820952e+14 1.51078335e+14
  3.78397983e+13 3.42052770e+13 2.52207612e+14 2.83782384e+14
  2.47399264e+14 1.83384869e+14 2.99337594e+13 5.50187692e+11
  4.65123135e+11 1.19960213e+12 7.13983913e+12 6.73278207e+11]
 [1.17915208e+12 7.29168333e+12 2.04496727e+12 2.66523071e+12
  2.06602421e+13 1.21589453e+14 2.97690540e+14 3.02778094e+14
  3.47875365e+14 6.66057094e+14 6.87863474e+14 3.65583380e+14
  2.92449949e+14 2.91775862e+14 1.24353710e+14 2.09430050e+13
  2.51489331e+12 2.05636100e+12 8.00063114e+12 1.18073823e+12]
 [1.81371433e+12 2.39403403e+13 8.94109513e+12 1.02569994e+13
  4.57778945e+13 8.73489607e+13 2.34865243e+14 6.95339659e+14
  1.40825304e+15 2.86074501e+15 1.96199832e+15 4.09145260e+14
  1.62202993e+14 4.76403235e+14 4.22945893e+14 9.25183579e+13
  9.43505237e+12 3.71361230e+12 4.56765730e+12 1.44099129e+12]
 [1.96355765e+12 3.54505981e+13 1.39720975e+13 1.57850071e+13
  6.20824751e+13 4.47357838e+13 1.53939999e+14 9.66672401e+14
  2.17732621e+15 4.46248010e+15 2.86882569e+15 4.06365016e+14
  2.36102301e+13 5.82235396e+14 6.38737967e+14 1.44822620e+14
  1.43444207e+13 4.71413900e+12 1.07551605e+12 1.30335492e+12]
 [1.40957335e+12 2.71271113e+13 1.11672176e+13 1.28668343e+13
  4.96593633e+13 4.50789418e+13 1.48329885e+14 8.10487988e+14
  1.74096346e+15 3.58279132e+15 2.37688566e+15 3.60386581e+14
  4.30198972e+13 4.84362991e+14 5.24493309e+14 1.16044698e+14
  1.11065949e+13 3.85895081e+12 1.53643522e+12 9.69088181e+11]
 [7.01422467e+11 1.02293283e+13 4.29795361e+12 5.28116590e+12
  2.30940157e+13 6.33768523e+13 1.76285045e+14 4.01532535e+14
  6.82365356e+14 1.39369695e+15 1.07595093e+15 2.81221989e+14
  1.33665747e+14 2.73004312e+14 2.23525614e+14 4.50141560e+13
  4.14931468e+12 2.02215435e+12 4.00515061e+12 5.99263701e+11]
 [3.52259368e+11 1.54861167e+12 3.95835919e+11 6.72267987e+11
  6.75649705e+12 5.30994618e+13 1.48079763e+14 1.21754860e+14
  7.62727664e+13 1.34014449e+14 2.35084747e+14 1.85441184e+14
  1.34350478e+14 1.16637871e+14 3.61186564e+13 4.13011404e+12
  5.10625292e+11 7.60818248e+11 4.31990437e+12 3.69426924e+11]
 [3.04878705e+11 4.40014088e+11 1.20011431e+11 2.54876490e+11
  2.72910762e+12 2.26497293e+13 7.15347708e+13 5.81959185e+13
  2.59098325e+13 4.16498529e+13 1.02810756e+14 9.55261169e+13
  6.01231069e+13 5.08334386e+13 1.46134582e+13 1.31597258e+12
  1.50003914e+11 3.17314932e+11 2.26842761e+12 3.23643576e+11]
 [2.59897228e+11 2.46278972e+11 2.82690118e+11 4.84733837e+11
  1.45853296e+12 3.99653814e+12 1.63505734e+13 4.21275018e+13
  4.91395157e+13 9.26590644e+13 9.80924402e+13 3.20703553e+13
  1.01453480e+13 1.91656145e+13 1.96404068e+13 3.74945621e+12
  1.40615327e+11 1.27233316e+11 4.94480865e+11 2.27785962e+11]
 [6.19885324e+10 1.46979563e+10 4.55969585e+10 9.48596418e+10
  2.04671385e+11 1.32756002e+11 8.83812435e+11 6.88449616e+12
  8.75797308e+12 1.43454874e+13 1.59178215e+13 3.24366527e+12
  2.16120032e+11 1.88975216e+12 3.40130971e+12 7.73882096e+11
  1.18170001e+10 1.30081080e+10 1.69239321e+10 4.33290747e+10]
 [6.52565948e+10 9.83190659e+09 2.10115694e+10 5.86873427e+10
  1.30342138e+11 2.66344746e+10 3.17399766e+11 4.06154912e+12
  5.05200208e+12 5.80409492e+12 8.15056039e+12 1.78645367e+12
  2.73853404e+10 6.80171526e+11 1.79640316e+12 5.17859112e+11
  2.63397256e+09 5.03305206e+09 4.57665823e+09 4.29841880e+10]
 [6.56455024e+11 1.96105191e+11 6.92586374e+10 2.67754728e+11
  8.57362658e+11 9.21983518e+10 1.99023194e+12 1.87356371e+13
  2.33099860e+13 1.27472794e+13 2.80357897e+13 1.15506190e+13
  1.37910666e+12 1.52358363e+12 6.46165442e+12 2.65868494e+12
  3.10083839e+10 1.77364745e+10 1.47140853e+11 5.08832105e+11]
 [1.38723253e+12 3.51330849e+11 3.23785372e+10 1.48535895e+11
  1.13187224e+12 2.94142080e+11 2.22432376e+12 1.37320615e+13
  1.44636733e+13 2.26878189e+12 1.09717177e+13 1.78752750e+13
  6.46390882e+12 1.50549046e+11 2.70853861e+12 1.58113971e+12
  6.31340787e+10 2.07011534e+10 5.66492710e+11 1.36186165e+12]]