[[2.53598583e+12 5.38086031e+11 4.21373296e+10 1.90988088e+11
  1.70778823e+12 5.36683715e+11 4.22545643e+12 2.27335770e+13
  1.98439646e+13 2.86402006e+12 1.53106254e+13 3.05351743e+13
  1.23825165e+13 2.67229557e+11 3.98594381e+12 2.02126466e+12
  8.29260577e+10 3.26166810e+10 1.05924373e+12 2.54483328e+12]
 [2.27413578e+12 1.87389280e+11 1.79863259e+10 2.98604164e+10
  5.98619890e+11 4.95265780e+11 1.20952620e+13 2.92308599e+13
  1.04402828e+13 1.48657789e+12 8.58925679e+12 2.79827814e+13
  1.25457960e+13 3.97884504e+12 4.79594724e+12 5.13905383e+11
  4.45737217e+09 1.89120819e+10 1.10377529e+12 2.31518099e+12]
 [2.46655018e+11 7.45164254e+09 3.07154658e+09 3.69126644e+08
  6.54757108e+10 3.08657198e+11 3.36466488e+12 5.45852165e+12
  1.55447862e+12 1.11632645e+11 1.25783877e+12 4.76171405e+12
  2.34210029e+12 1.73491559e+12 1.01495815e+12 4.59467023e+10
  7.26345126e+07 4.39315597e+09 1.73917848e+11 2.51573924e+11]
 [1.70740741e+11 9.88366844e+09 1.06273342e+10 1.55603775e+10
  1.26506651e+11 8.84112480e+11 5.63403707e+12 7.55992172e+12
  3.02818953e+12 2.23943582e+12 5.03675968e+12 7.16939615e+12
  3.72352779e+12 3.67462717e+12 1.80847767e+12 1.51148666e+11
  2.26537110e+09 1.19380758e+10 2.13307355e+11 1.73378282e+11]
 [2.71322266e+11 1.76089618e+11 1.97007198e+11 3.99466366e+11
  1.66249328e+12 6.73851505e+12 2.18276951e+13 3.32197601e+13
  3.35942070e+13 7.01296588e+13 9.64065030e+13 4.71871588e+13
  1.66027551e+13 1.78661396e+13 1.36638401e+13 2.66982424e+12
  1.22246850e+11 1.57935993e+11 8.60194530e+11 2.67390323e+11]
 [1.81816857e+10 6.93110388e+11 8.18799453e+11 1.59371177e+12
  6.41822555e+12 1.33659108e+13 3.46233192e+11 3.71943171e+13
  1.13606274e+14 3.25636071e+14 3.70509998e+14 1.05952951e+14
  7.40937687e+12 8.91098791e+12 3.39647267e+13 1.01639674e+13
  7.91657922e+11 5.87878415e+11 8.87877533e+11 2.78054013e+09]
 [3.73502603e+11 3.18967791e+12 1.60568016e+12 2.53590121e+12
  1.40484148e+13 6.19535921e+13 1.41146050e+14 1.83955686e+14
  2.49760404e+14 5.76597504e+14 6.31070386e+14 2.65954440e+14
  1.29130641e+14 1.36423401e+14 8.78304054e+13 1.77750433e+13
  1.73700172e+12 1.38743074e+12 4.62552843e+12 3.66746744e+11]
 [2.05870601e+12 1.12991129e+13 1.86016582e+12 1.63943962e+12
  2.11184337e+13 2.24305498e+14 7.21494058e+14 6.55035615e+14
  4.22146369e+14 4.18216736e+14 5.75800822e+14 6.08290858e+14
  6.46537077e+14 6.58370167e+14 2.02219194e+14 1.65853260e+13
  1.46527022e+12 2.48335984e+12 1.70278381e+13 2.08959404e+12]
 [5.40268956e+12 2.21740070e+13 1.79191472e+12 1.16031531e+11
  2.66213856e+13 4.21882074e+14 1.38962857e+15 1.16120676e+15
  5.83547410e+14 8.18299722e+13 4.00709743e+14 9.56726184e+14
  1.29029712e+15 1.28513090e+15 3.20853326e+14 1.13909640e+13
  3.57460347e+11 3.54307483e+12 3.08225450e+13 5.51018422e+12]
 [6.46785869e+12 2.46927349e+13 2.45850492e+12 1.11254486e+12
  3.33314772e+13 4.43730552e+14 1.38369656e+15 1.16116301e+15
  6.78595186e+14 3.31319232e+14 6.19820184e+14 9.99843859e+14
  1.32354957e+15 1.30454177e+15 3.39191728e+14 1.86380644e+13
  1.34512339e+12 4.11205539e+12 3.11160868e+13 6.58605332e+12]
 [3.14508756e+12 1.60499684e+13 3.76673951e+12 4.55072557e+12
  3.94468370e+13 2.60692327e+14 6.63332502e+14 6.39964385e+14
  6.74039495e+14 1.16110441e+15 1.20152066e+15 7.17829750e+14
  6.58567158e+14 6.52259379e+14 2.48004310e+14 3.76436965e+13
  4.55242158e+12 3.97758184e+12 1.69910541e+13 3.16035137e+12]
 [2.93105073e+11 7.28007708e+12 4.16401526e+12 6.46098594e+12
  3.74980874e+13 9.32431598e+13 6.00799287e+13 1.85955126e+14
  5.75295298e+14 1.59285564e+15 1.48416294e+15 4.29588785e+14
  9.35059335e+13 9.81458491e+13 1.51766037e+14 4.59477617e+13
  5.97043277e+12 3.30080178e+12 4.67612866e+12 2.42318050e+11]
 [2.71872607e+11 5.12420243e+12 2.95738639e+12 4.68971893e+12
  2.59695013e+13 7.55342125e+13 8.47101026e+13 1.73942239e+14
  4.18328450e+14 1.12250676e+15 1.10420557e+15 3.48577138e+14
  1.00831900e+14 1.06012696e+14 1.20412939e+14 3.27420559e+13
  3.87215845e+12 2.37280655e+12 4.34863225e+12 2.47409163e+11]
 [8.31885295e+11 4.58439255e+12 1.30671582e+12 1.64784274e+12
  1.27878828e+13 1.00986174e+14 3.23674841e+14 3.28835308e+14
  2.50807603e+14 3.82975022e+14 4.75448715e+14 3.44179000e+14
  2.74927585e+14 2.87798216e+14 1.11685808e+14 1.32382033e+13
  1.16001364e+12 1.41688253e+12 8.38811806e+12 8.39328943e+11]
 [1.32902635e+12 2.19231532e+12 3.81034555e+11 1.50405001e+11
  4.64977920e+12 6.70097426e+13 2.85454882e+14 2.81189566e+14
  1.15175010e+14 4.03636078e+13 1.18399472e+14 2.38173508e+14
  2.16382748e+14 2.30631485e+14 7.22474664e+13 3.04550656e+12
  1.04094809e+11 6.29524828e+11 7.22343221e+12 1.35423177e+12]
 [1.08761559e+12 3.74190749e+11 9.87944077e+10 2.08618268e+10
  1.26558689e+12 1.75310596e+13 9.07547914e+13 9.90874808e+13
  3.39667150e+13 6.45462212e+12 3.25009237e+13 8.32191304e+13
  6.28280444e+13 6.68084068e+13 2.33123878e+13 8.37040015e+11
  1.24765189e+10 1.66792672e+11 2.61899251e+12 1.10897030e+12]
 [1.47844609e+11 9.04046210e+09 1.16432714e+10 2.04616842e+10
  1.31160007e+11 7.92915951e+11 4.86612666e+12 6.69837738e+12
  3.02383846e+12 2.87396872e+12 5.79421261e+12 6.68968614e+12
  3.23758295e+12 3.19786517e+12 1.69373995e+12 1.75324289e+11
  2.89056713e+09 1.18537407e+10 1.88670101e+11 1.49772887e+11]
 [4.04602021e+10 3.02217535e+09 6.70172458e+09 2.39658607e+10
  8.92630203e+10 9.59735118e+10 5.19296173e+11 1.40440685e+12
  1.53496834e+12 2.10317656e+12 4.31291802e+12 2.43863499e+12
  4.21747395e+11 3.18369972e+11 5.41302399e+11 1.71342607e+11
  1.16014831e+09 4.12660065e+09 4.34553623e+10 3.89917274e+10]
 [5.46496826e+10 6.34882030e+10 3.55347901e+10 1.85758916e+11
  8.02361003e+11 1.08506514e+11 1.29903708e+11 4.36087325e+12
  1.03094216e+13 7.89173090e+12 2.31715821e+13 1.31075513e+13
  5.75783121e+11 2.01167111e+11 2.36709276e+12 1.45936582e+12
  2.28106519e+10 1.77563533e+10 1.53859289e+11 2.69409669e+10]
 [1.97338727e+12 4.78761703e+11 4.50109611e+10 2.18796689e+11
  1.76024066e+12 4.58920620e+11 3.26049059e+12 1.88917946e+13
  1.98171909e+13 3.25920591e+12 1.67569534e+13 2.80961591e+13
  9.76312478e+12 2.11270111e+11 3.68833325e+12 2.22019693e+12
  9.42115049e+10 3.23962760e+10 8.76374199e+11 1.96480687e+12]]