[[4.07989712e+11 7.67996076e+10 5.16795396e+09 2.30531261e+10
  2.39732161e+11 8.60377067e+10 6.94391264e+11 3.43601884e+12
  2.57105748e+12 3.38942638e+11 2.00741154e+12 4.69585799e+12
  2.04285189e+12 4.22495140e+10 5.50579962e+11 2.42940824e+11
  1.02392886e+10 4.73694242e+09 1.72293677e+11 4.14507965e+11]
 [1.79017246e+11 3.35708752e+10 1.17381434e+10 5.33909250e+10
  2.46491208e+11 5.76480887e+10 8.53013673e+11 3.53221830e+12
  3.86285051e+12 2.34046347e+12 6.72720806e+12 5.03441465e+12
  9.50520382e+11 3.52077053e+11 1.08122764e+12 4.60357039e+11
  6.52428327e+09 5.74814851e+09 1.06997563e+11 1.69213522e+11]
 [2.01102072e+10 4.41697196e+09 1.19123052e+10 4.09149633e+10
  1.22795801e+11 6.74912675e+10 1.14053942e+11 1.60599540e+12
  2.63461634e+12 3.71573105e+12 6.64963181e+12 2.47355390e+12
  1.10128090e+11 2.28561211e+11 8.52940704e+11 3.05995931e+11
  1.92744513e+09 5.23429939e+09 2.31694048e+10 1.28046048e+10]
 [2.27922899e+10 1.23732868e+10 5.08956936e+10 1.30181061e+11
  3.60780642e+11 3.79336261e+11 7.63493079e+10 4.78173192e+12
  8.89967780e+12 1.81508678e+13 2.50610947e+13 7.32511342e+12
  1.58243852e+11 9.40935442e+11 3.08158635e+12 9.02713263e+11
  1.69458789e+10 2.46180210e+10 5.15069852e+10 9.88604248e+09]
 [1.06548316e+11 3.84543881e+11 6.51330940e+11 1.33127922e+12
  4.07237034e+12 5.92402287e+12 8.17596918e+11 4.83117854e+13
  1.00848139e+14 2.41138850e+14 2.79876621e+14 7.27454086e+13
  1.92821522e+12 1.27260050e+13 3.42888616e+13 9.05987094e+12
  3.93882610e+11 3.42066430e+11 4.83984842e+11 4.55890500e+10]
 [1.19328407e+11 1.44596367e+12 1.39535816e+12 2.43185804e+12
  8.85063540e+12 1.62593625e+13 1.00040334e+13 9.29759009e+13
  2.05578876e+14 5.17260007e+14 5.32748143e+14 1.35773501e+14
  1.07782992e+13 3.39349505e+13 6.67809391e+13 1.68776746e+13
  1.18392927e+12 7.91910847e+11 1.06340832e+12 7.39907965e+10]
 [1.12586665e+11 1.27014653e+12 7.03468462e+11 1.07598376e+12
  5.24011020e+12 1.84009656e+13 3.85496668e+13 6.68167565e+13
  1.07431910e+14 2.50692789e+14 2.50825129e+14 8.71754751e+13
  3.45351112e+13 4.39033351e+13 3.61883565e+13 7.80077208e+12
  7.23620440e+11 4.97355624e+11 1.31050940e+12 1.04657815e+11]
 [1.91634374e+11 1.06569548e+12 2.15364042e+11 2.60507324e+11
  2.77321420e+12 2.37681416e+13 6.85954358e+13 6.05917455e+13
  4.35319675e+13 6.10711243e+13 8.43554846e+13 6.91512552e+13
  6.35356987e+13 6.09173387e+13 1.94712921e+13 2.07497897e+12
  2.31894175e+11 3.08944435e+11 1.75189315e+12 1.96211240e+11]
 [4.07533048e+11 8.88440182e+12 4.44743493e+12 6.25836575e+12
  3.27583520e+13 7.05500957e+13 6.36359570e+13 2.44368624e+14
  6.43191598e+14 1.60186286e+15 1.35495329e+15 3.45999283e+14
  7.12633419e+13 1.37735955e+14 1.79191994e+14 4.80372399e+13
  5.67107189e+12 2.81123246e+12 3.44341077e+12 3.09764786e+11]
 [6.74704021e+11 2.36012883e+13 1.21005999e+13 1.68485939e+13
  8.78452361e+13 1.45464520e+14 2.76327691e+13 5.44215382e+14
  1.72331800e+15 4.37851867e+15 3.55670918e+15 8.05934223e+14
  5.42517806e+13 2.50150917e+14 4.54435327e+14 1.30963947e+14
  1.60448254e+13 7.28888091e+12 5.79433377e+12 3.31841483e+11]
 [7.22323073e+11 2.88507706e+13 1.49579489e+13 2.08479685e+13
  1.08055471e+14 1.71271764e+14 9.00788189e+12 6.55056988e+14
  2.12522924e+15 5.41927615e+15 4.39088657e+15 9.77305145e+14
  4.21544108e+13 2.87460683e+14 5.57803754e+14 1.61999307e+14
  1.98438129e+13 8.93781545e+12 6.56536766e+12 2.93343937e+11]
 [4.80759147e+11 1.79307437e+13 9.62840103e+12 1.36389696e+13
  6.87040212e+13 1.16886126e+14 2.92607086e+13 4.51772195e+14
  1.37120785e+15 3.49706574e+15 2.90866039e+15 6.66323759e+14
  4.94912989e+13 2.05630067e+14 3.70866322e+14 1.04466967e+14
  1.23195376e+13 5.78202034e+12 4.87064804e+12 2.50565263e+11]
 [2.17241708e+11 4.81624024e+12 2.61183183e+12 3.80866570e+12
  1.88051764e+13 4.47439617e+13 5.21314976e+13 1.62904298e+14
  3.80355662e+14 9.44426390e+14 8.42105064e+14 2.26970947e+14
  5.36082221e+13 9.25115192e+13 1.12205399e+14 2.84582065e+13
  3.08281033e+12 1.66456520e+12 2.44400464e+12 1.75509031e+11]
 [1.06017525e+11 4.23018503e+11 5.04927249e+10 4.29727598e+10
  1.07426394e+12 1.28976158e+13 4.32689168e+13 3.60056816e+13
  1.50461601e+13 7.84192759e+12 2.76585945e+13 3.96409210e+13
  3.71874513e+13 3.52448784e+13 9.14629830e+12 3.92312351e+11
  4.01883635e+10 1.36213439e+11 1.10512339e+12 1.09968626e+11]
 [1.00542527e+11 5.35369865e+11 4.39224531e+11 7.52968835e+11
  3.00621780e+12 8.69591796e+12 1.73754678e+13 4.10862303e+13
  6.71821435e+13 1.59457221e+14 1.71213454e+14 5.54273131e+13
  1.45799458e+13 2.12528057e+13 2.33843100e+13 5.25354184e+12
  3.69523030e+11 2.81236380e+11 7.17573552e+11 8.91782113e+10]
 [9.48499135e+10 2.64220330e+11 4.36821846e+11 8.90877304e+11
  2.76066153e+12 4.40234163e+12 2.59969498e+12 3.43039129e+13
  6.79848090e+13 1.61274480e+14 1.88233943e+14 5.08499360e+13
  2.76914636e+12 9.92656645e+12 2.33514404e+13 6.06701509e+12
  2.63861612e+11 2.33464529e+11 3.87978491e+11 5.50466049e+10]
 [2.31204172e+10 1.28854373e+10 5.31146284e+10 1.35882379e+11
  3.76159198e+11 3.92194401e+11 5.64951183e+10 4.96495374e+12
  9.28353672e+12 1.89467302e+13 2.61473068e+13 7.61661779e+12
  1.49403536e+11 9.68205652e+11 3.21165098e+12 9.42190989e+11
  1.76864125e+10 2.56521503e+10 5.28518428e+10 9.62076845e+09]
 [2.30652111e+10 7.10736157e+09 1.98410708e+10 6.83632527e+10
  2.01408856e+11 9.74783362e+10 4.04874301e+10 2.46817072e+12
  4.35584795e+12 6.21362360e+12 1.10307147e+13 3.88521448e+12
  7.51930022e+10 3.09585911e+11 1.38986839e+12 5.10761916e+11
  3.21558582e+09 8.50284008e+09 3.02908749e+10 1.04156366e+10]
 [2.10824981e+11 1.08826466e+11 5.00661976e+10 2.34735815e+11
  9.19821301e+11 1.12178725e+11 5.43651420e+11 8.82123695e+12
  1.54076628e+13 1.03741221e+13 2.76387365e+13 1.40736145e+13
  7.32761730e+11 5.68155670e+11 3.83453364e+12 2.00425226e+12
  2.82634156e+10 1.99198632e+10 1.58850005e+11 1.43498609e+11]
 [4.16052383e+11 1.12832284e+11 1.14443268e+10 5.54007610e+10
  4.13078604e+11 9.70018164e+10 6.69442241e+11 4.25303812e+12
  4.93308366e+12 8.34604221e+11 4.08149284e+12 6.17796926e+12
  1.99519988e+12 4.54503267e+10 8.87945975e+11 5.67788443e+11
  2.36066994e+10 7.43958093e+09 1.82275856e+11 4.07989712e+11]]