[[1.40767744e+12 2.87822249e+11 2.19170472e+10 1.00646146e+11
  9.38729323e+11 3.02984802e+11 2.37024886e+12 1.23509890e+13
  1.04004462e+13 1.49304673e+12 8.27251868e+12 1.71214703e+13
  6.99015018e+12 1.47338281e+11 2.11572458e+12 1.05002311e+12
  4.40411479e+10 1.80704425e+10 5.98813813e+11 1.42043217e+12]
 [6.43661087e+11 4.67296078e+10 3.51209394e+09 8.49103297e+09
  2.14170352e+11 1.59993234e+11 3.55912020e+12 7.72361736e+12
  2.29639713e+12 2.82366129e+11 3.13863369e+12 9.40603447e+12
  3.83040760e+12 1.10200110e+12 1.15323073e+12 9.42768460e+10
  1.48696260e+09 6.62815890e+09 3.49651007e+11 6.67963492e+11]
 [4.72431022e+10 3.33224958e+09 6.66472171e+09 2.21475185e+10
  7.94653990e+10 8.92957490e+10 5.79624874e+11 1.61201819e+12
  1.58566762e+12 1.99357591e+12 3.87520392e+12 2.19387322e+12
  4.35105542e+11 3.73237019e+11 5.83435397e+11 1.67414655e+11
  1.06027663e+09 3.67171400e+09 4.16036734e+10 4.48169326e+10]
 [2.81660032e+10 9.70109213e+09 3.80251487e+10 9.68303007e+10
  2.75413808e+11 3.44990726e+11 4.44980257e+11 3.99506443e+12
  6.71850671e+12 1.34851157e+13 1.88306168e+13 5.93883174e+12
  3.81607484e+11 9.33121562e+11 2.37402388e+12 6.72401043e+11
  1.26316027e+10 1.90478868e+10 5.35545045e+10 1.90375418e+10]
 [9.47308272e+10 3.52859970e+11 5.99169057e+11 1.22493869e+12
  3.74209433e+12 5.38931310e+12 4.64081877e+11 4.41755114e+13
  9.27225700e+13 2.21890104e+14 2.57388013e+14 6.66299900e+13
  1.56654918e+12 1.15114242e+13 3.14929527e+13 8.33558567e+12
  3.62380595e+11 3.14102765e+11 4.36324255e+11 3.85018910e+10]
 [1.77916573e+11 1.75391646e+12 1.64697032e+12 2.86300316e+12
  1.05762323e+13 2.12972113e+13 2.01817048e+13 1.16698510e+14
  2.44103446e+14 6.08552976e+14 6.30884095e+14 1.67725170e+14
  1.93066782e+13 4.62762083e+13 8.02139862e+13 1.98862634e+13
  1.39556296e+12 9.53521985e+11 1.48050323e+12 1.26114630e+11]
 [3.28713558e+11 2.97446387e+12 1.47290287e+12 2.22034001e+12
  1.16344310e+13 4.95187200e+13 1.19167550e+14 1.69530252e+14
  2.31901999e+14 5.15255145e+14 5.34337538e+14 2.14220770e+14
  1.05261702e+14 1.22393905e+14 8.19877518e+13 1.61739167e+13
  1.50394009e+12 1.13678020e+12 3.70382737e+12 3.16403922e+11]
 [7.23930080e+11 3.14854466e+12 2.37885827e+11 1.29863241e+11
  6.66831293e+12 8.54601388e+13 2.65362209e+14 2.05987260e+14
  8.39671702e+13 1.79087646e+13 1.37165877e+14 2.25104136e+14
  2.44494541e+14 2.24422492e+14 5.16409647e+13 1.49109288e+12
  1.90372265e+11 8.47516040e+11 6.50669927e+12 7.52628481e+11]
 [1.18227045e+12 7.32084324e+12 2.04861387e+12 2.65979614e+12
  2.05774191e+13 1.21296132e+14 2.98077974e+14 3.03955577e+14
  3.48930047e+14 6.65687233e+14 6.85368172e+14 3.64323496e+14
  2.92382560e+14 2.92708754e+14 1.24828337e+14 2.09642937e+13
  2.50811533e+12 2.04819881e+12 7.98681954e+12 1.18313858e+12]
 [1.08094039e+12 1.78258896e+13 8.21437278e+12 1.13211247e+13
  6.26047626e+13 1.46381898e+14 1.59012261e+14 4.67950971e+14
  1.19785667e+15 2.93413906e+15 2.44610399e+15 6.52704779e+14
  1.75733335e+14 2.91156890e+14 3.30453854e+14 8.82875165e+13
  1.08345576e+13 5.35067794e+12 7.26383857e+12 8.76942308e+11]
 [6.65598287e+11 2.46200976e+13 1.26848573e+13 1.76698877e+13
  9.18878351e+13 1.49300576e+14 1.95819348e+13 5.63899784e+14
  1.80465200e+15 4.59248266e+15 3.72632000e+15 8.37780958e+14
  4.75764676e+13 2.54109332e+14 4.74907212e+14 1.37328548e+14
  1.68233584e+13 7.61386642e+12 5.85125050e+12 3.04257354e+11]
 [5.43578982e+11 1.90291842e+13 1.01545291e+13 1.43760540e+13
  7.26599223e+13 1.26536518e+14 4.07367045e+13 4.83492189e+14
  1.44807041e+15 3.68550467e+15 3.06984985e+15 7.10265676e+14
  6.17343398e+13 2.25291791e+14 3.92685758e+14 1.10132652e+14
  1.29888912e+13 6.12565172e+12 5.37202094e+12 3.02493459e+11]
 [5.00578211e+11 8.00273407e+12 3.98729558e+12 5.76234798e+12
  2.98973901e+13 8.78324048e+13 1.42109260e+14 2.94552993e+14
  5.92494992e+14 1.42544759e+15 1.30008776e+15 3.95545336e+14
  1.39325044e+14 1.93050350e+14 1.81233274e+14 4.31809822e+13
  4.68461422e+12 2.70812678e+12 5.23870256e+12 4.44664865e+11]
 [3.86010803e+11 1.87805784e+12 4.51285302e+11 5.80498127e+11
  5.59844093e+12 4.88963172e+13 1.54496976e+14 1.42858985e+14
  9.24203499e+13 1.28296433e+14 1.91842798e+14 1.62884677e+14
  1.33360008e+14 1.30991512e+14 4.41975267e+13 4.46731774e+12
  4.26563922e+11 6.41106893e+11 4.08010893e+12 3.95406918e+11]
 [3.41770464e+11 5.75369058e+11 1.51045047e+11 1.97869087e+11
  2.10812176e+12 2.04418215e+13 7.53660126e+13 7.17807892e+13
  3.51555897e+13 3.84297959e+13 7.60350909e+13 8.09533573e+13
  5.95804840e+13 5.88692250e+13 1.95688841e+13 1.51819955e+12
  1.11716477e+11 2.52613279e+11 2.11409674e+12 3.52040818e+11]
 [1.96766440e+11 1.97129710e+11 2.63557416e+11 5.25827538e+11
  1.84152940e+12 5.21721815e+12 1.38052910e+13 3.20497512e+13
  4.31063528e+13 9.46341674e+13 1.16743559e+14 4.29834438e+13
  1.04751882e+13 1.42911888e+13 1.62083318e+13 3.60637548e+12
  1.57412861e+11 1.65044954e+11 6.12214612e+11 1.79191361e+11]
 [2.53040163e+10 1.03639492e+10 4.14967980e+10 1.05880795e+11
  2.97696150e+11 3.46444921e+11 2.96347081e+11 4.15366837e+12
  7.29804712e+12 1.47532434e+13 2.04976317e+13 6.25364895e+12
  2.87955129e+11 9.06043002e+11 2.55578415e+12 7.34782418e+11
  1.37989947e+10 2.04672454e+10 5.10906311e+10 1.50913566e+10]
 [2.14690163e+10 6.81431995e+09 1.90697251e+10 6.57200017e+10
  1.93369655e+11 9.26871447e+10 2.88885054e+10 2.35835075e+12
  4.18433920e+12 5.97371944e+12 1.05988727e+13 3.71843026e+12
  6.50109256e+10 2.92781748e+11 1.33377097e+12 4.90978981e+11
  3.09092769e+09 8.15783731e+09 2.85566415e+10 9.27892400e+09]
 [3.66228189e+11 1.44130096e+11 6.34785081e+10 2.96364971e+11
  1.18977374e+12 1.66160391e+11 1.24316094e+12 1.23019980e+13
  1.97264602e+13 1.30832028e+13 3.52316557e+13 1.91681374e+13
  1.52352049e+12 8.87441047e+11 5.00086883e+12 2.53388817e+12
  3.57569710e+10 2.60790593e+10 2.54653704e+11 2.85431488e+11]
 [1.33735334e+12 3.34457991e+11 3.17367883e+10 1.51996041e+11
  1.18989495e+12 3.04224791e+11 2.18347455e+12 1.30582327e+13
  1.39665731e+13 2.28283420e+12 1.14556211e+13 1.87221122e+13
  6.48533527e+12 1.44159963e+11 2.58718047e+12 1.56333639e+12
  6.51138049e+10 2.17798562e+10 5.80525762e+11 1.32346740e+12]]