[[1.06641900e+11 1.83163331e+10 8.94519432e+08 2.99306132e+09
  4.08497192e+10 1.96034557e+10 1.79665537e+11 8.69716605e+11
  5.20338993e+11 4.64503328e+10 2.96149987e+11 9.72823096e+11
  5.11540669e+11 1.09987275e+10 1.25497517e+11 3.85230903e+10
  1.35620926e+09 8.67923074e+08 4.08009703e+10 1.08124218e+11]
 [5.36637149e+10 3.43526449e+10 1.82364969e+10 9.46000168e+10
  4.13967738e+11 6.07070895e+10 2.03843986e+11 2.54616565e+12
  5.35035669e+12 4.02144709e+12 1.18558851e+13 6.97025356e+12
  4.35233858e+11 1.47450415e+11 1.25582218e+12 7.46385165e+11
  1.16256211e+10 9.22575489e+09 9.06594882e+10 4.00715569e+10]
 [7.10885341e+09 4.09431167e+09 1.34480276e+10 5.15384149e+10
  1.71142302e+11 1.06631878e+11 2.66422953e+10 1.25449954e+12
  2.80378890e+12 4.49713295e+12 8.88798117e+12 3.71006611e+12
  1.48461254e+11 1.22819135e+11 8.37159963e+11 3.54406615e+11
  2.47710525e+09 7.46815928e+09 3.71868001e+10 2.34611506e+09]
 [8.45810782e+09 1.03609530e+10 5.05001911e+10 1.43829426e+11
  4.48830326e+11 6.03956205e+11 2.53915946e+10 3.49103466e+12
  8.37422734e+12 1.92491657e+13 2.95836836e+13 1.02165779e+13
  4.58288425e+11 5.09612266e+11 2.70546779e+12 9.17365110e+11
  1.91305041e+10 3.16384773e+10 9.17803027e+10 1.30942128e+09]
 [3.75676150e+10 2.90627936e+11 5.81900413e+11 1.32396239e+12
  4.56382215e+12 8.54349531e+12 4.07935939e+11 3.19536782e+13
  8.54845618e+13 2.30191326e+14 2.97474917e+14 9.15696915e+13
  5.28926692e+12 6.33435894e+12 2.71457890e+13 8.28868183e+12
  4.00275678e+11 3.96183719e+11 7.84693347e+11 7.22904886e+09]
 [3.68207602e+10 9.30544745e+11 1.07773087e+12 2.09192522e+12
  8.46411224e+12 1.81859942e+13 3.24034345e+12 5.15320072e+13
  1.50140483e+14 4.27527834e+14 4.87150226e+14 1.41302220e+14
  1.18308235e+13 1.39395484e+13 4.52563962e+13 1.33617091e+13
  1.03942650e+12 7.77259254e+11 1.23512543e+12 1.68652365e+10]
 [2.98859833e+10 4.90512192e+11 3.40397194e+11 5.76434065e+11
  2.85166437e+12 8.41213293e+12 1.04248567e+13 2.22715232e+13
  4.85080991e+13 1.30291112e+14 1.37343765e+14 4.44532038e+13
  1.15163646e+13 1.24147765e+13 1.48651859e+13 3.88282813e+12
  3.91914085e+11 2.67257892e+11 5.48843365e+11 2.72453498e+10]
 [5.32501051e+10 9.17917193e+11 5.15238471e+11 8.12962455e+11
  4.53934150e+12 1.37107320e+13 1.68411770e+13 3.20051661e+13
  7.33772457e+13 1.94666920e+14 1.92005563e+14 6.19421055e+13
  1.93846705e+13 2.03140010e+13 2.13727062e+13 5.69185304e+12
  6.71586382e+11 4.16481190e+11 8.02174500e+11 4.91323084e+10]
 [1.36621531e+11 8.62867810e+12 5.44439237e+12 8.57217276e+12
  4.85382093e+13 1.04072074e+14 1.48152544e+13 1.92602688e+14
  7.36488085e+14 2.11084840e+15 1.95164472e+15 5.25607150e+14
  6.38340032e+13 7.02354011e+13 1.86488721e+14 6.04678057e+13
  7.90963147e+12 4.21654780e+12 4.76747504e+12 6.41727961e+10]
 [2.48926559e+11 2.05387465e+13 1.25530887e+13 1.94711220e+13
  1.13882059e+14 2.34737974e+14 7.17779397e+12 4.09696600e+14
  1.69319983e+15 4.85801466e+15 4.38521280e+15 1.16084981e+15
  1.23485079e+14 1.36974589e+14 4.15540205e+14 1.39198798e+14
  1.89403154e+13 9.74240954e+12 1.02118078e+13 4.89560057e+10]
 [2.62673663e+11 2.27704653e+13 1.39443351e+13 2.16349109e+13
  1.26479716e+14 2.59896088e+14 4.99274122e+12 4.52772128e+14
  1.88010731e+15 5.39776075e+15 4.87173698e+15 1.28783997e+15
  1.34369056e+14 1.49400277e+14 4.61038216e+14 1.54644659e+14
  2.10445499e+13 1.08173987e+13 1.12807908e+13 4.02012669e+10]
 [1.57761112e+11 1.24745604e+13 7.96701055e+12 1.25653142e+13
  7.09442434e+13 1.49242613e+14 1.07823853e+13 2.73204358e+14
  1.07504961e+15 3.09371748e+15 2.85782616e+15 7.62975622e+14
  8.34222619e+13 9.28469355e+13 2.70854913e+14 8.85520844e+13
  1.15921734e+13 6.15329231e+12 6.74623681e+12 5.07102145e+10]
 [6.06426649e+10 2.51239086e+12 1.68208131e+12 2.73262900e+12
  1.45325535e+13 3.41589470e+13 1.49096446e+13 7.17661140e+13
  2.30015980e+14 6.52782819e+14 6.33954115e+14 1.78890455e+14
  2.83163992e+13 3.08361638e+13 6.21899803e+13 1.88224130e+13
  2.25069031e+12 1.30025047e+12 1.76173728e+12 4.44244127e+10]
 [2.79895438e+10 1.30371622e+11 2.24625792e+10 1.75422518e+10
  2.54965084e+11 3.04720895e+12 1.09785143e+13 1.02976500e+13
  5.54441445e+12 4.34649517e+12 7.18450230e+12 9.22890698e+12
  9.13006007e+12 9.53115393e+12 2.96251988e+12 1.95742307e+11
  1.33654994e+10 3.18186167e+10 2.64090440e+11 2.84530829e+10]
 [3.13974804e+10 5.43422892e+11 6.12188344e+11 1.18359276e+12
  4.82110814e+12 1.08127931e+13 4.10515261e+12 3.13665198e+13
  8.57795446e+13 2.41968127e+14 2.76289361e+14 8.17636793e+13
  8.41049051e+12 9.71587205e+12 2.61552029e+13 7.57654233e+12
  5.88332174e+11 4.44335460e+11 7.55650411e+11 2.03190111e+10]
 [3.41904130e+10 2.39474638e+11 4.77455696e+11 1.08569094e+12
  3.74619396e+12 7.06008894e+12 6.17009863e+11 2.65099055e+13
  7.02015800e+13 1.88772953e+14 2.44025400e+14 7.53445971e+13
  4.53268304e+12 5.40203064e+12 2.23316410e+13 6.79917973e+12
  3.28257893e+11 3.25382927e+11 6.51587450e+11 9.37979430e+09]
 [8.55283463e+09 1.05786842e+10 5.15805930e+10 1.46914021e+11
  4.58416250e+11 6.16490924e+11 2.30623213e+10 3.56223876e+12
  8.55273965e+12 1.96619070e+13 3.02172041e+13 1.04325899e+13
  4.66242037e+11 5.18694369e+11 2.76271624e+12 9.37012617e+11
  1.95406808e+10 3.23126568e+10 9.36448510e+10 1.24909523e+09]
 [7.96193099e+09 5.23808028e+09 1.73085524e+10 6.63888126e+10
  2.20144222e+11 1.35864682e+11 1.80115473e+10 1.58956017e+12
  3.60424192e+12 5.79256225e+12 1.14431964e+13 4.75614200e+12
  1.79892275e+11 1.49803696e+11 1.07349075e+12 4.56315756e+11
  3.19059800e+09 9.59901766e+09 4.70602060e+10 1.80283908e+09]
 [6.28462631e+10 6.63461459e+10 3.68984693e+10 1.92713371e+11
  8.33674962e+11 1.13866116e+11 1.67549923e+11 4.60159667e+12
  1.07192331e+13 8.18777393e+12 2.40522887e+13 1.36685274e+13
  6.31150833e+11 2.19413490e+11 2.46770041e+12 1.51476002e+12
  2.36667852e+10 1.84647150e+10 1.62549167e+11 3.42237208e+10]
 [1.08969506e+11 3.36349486e+10 3.95049236e+09 2.04941608e+10
  1.48901855e+11 3.02917851e+10 1.76738543e+11 1.18722858e+12
  1.61879138e+12 3.03504839e+11 1.50583357e+12 2.07110471e+12
  5.54413079e+11 1.20647299e+10 2.73990466e+11 2.00195164e+11
  8.76033122e+09 2.62985308e+09 5.46405433e+10 1.06641900e+11]]