[[1.14530805e+11 2.53084069e+10 3.04920193e+09 1.91475897e+10
  1.72113901e+11 4.09452676e+10 2.15626375e+11 9.82165749e+11
  1.19508250e+12 2.61029106e+11 1.60171535e+12 2.67157098e+12
  7.39920442e+11 1.16209517e+10 2.01713879e+11 1.59722074e+11
  8.55376815e+09 3.16564534e+09 7.45814965e+10 1.21111158e+11]
 [1.31233496e+11 1.21395793e+10 1.97424002e+10 1.69182551e+11
  1.11471714e+12 2.79025699e+11 1.67059670e+12 4.63746722e+11
  4.26395848e+12 6.04185168e+12 2.70655795e+13 2.50837079e+13
  3.27356147e+12 1.26031646e+11 6.29064330e+11 9.15176767e+11
  2.26196746e+10 2.72221287e+10 4.85424421e+11 2.12152026e+11]
 [2.26777186e+10 7.49474388e+08 9.08821280e+09 5.81392638e+10
  2.96145575e+11 3.46233029e+11 8.45893670e+11 2.72099480e+10
  1.37503528e+12 4.24710311e+12 1.29054406e+13 8.88534514e+12
  1.16179824e+12 6.86980194e+10 2.42989555e+11 2.72122954e+11
  3.04688474e+09 1.42773442e+10 1.49771540e+11 4.00900314e+10]
 [2.60035042e+10 1.45357521e+09 2.70124164e+10 1.28614724e+11
  6.17192824e+11 1.57980684e+12 2.40914074e+12 1.65207798e+10
  3.24356689e+12 1.44033573e+13 3.40888647e+13 1.95385397e+13
  3.11974782e+12 2.27175599e+11 6.14253248e+11 5.57775206e+11
  1.86583683e+10 4.81198834e+10 3.00787362e+11 4.66518395e+10]
 [9.34698978e+10 3.52071046e+10 2.51156874e+11 9.51006780e+11
  5.03657059e+12 1.79224060e+13 2.10236893e+13 6.80917456e+11
  2.68928963e+13 1.38493650e+14 2.75148913e+14 1.40513843e+14
  2.85830052e+13 2.55063703e+12 5.11724453e+12 4.05979493e+12
  3.13497448e+11 4.83553784e+11 2.06055530e+12 1.63611773e+11]
 [5.78670319e+10 1.13579186e+11 3.31714506e+11 1.04082619e+12
  6.41977316e+12 2.58253820e+13 2.75760628e+13 4.76212985e+12
  3.50657120e+13 1.79333128e+14 3.10430498e+14 1.48258961e+14
  3.86426652e+13 6.12403925e+12 7.16323171e+12 4.61808721e+12
  5.62624415e+11 6.51144903e+11 2.16691014e+12 8.91868717e+10]
 [2.68820196e+10 1.78219708e+11 4.53818315e+10 2.80531319e+10
  1.18616979e+11 1.74015738e+12 9.18055214e+12 1.21878548e+13
  9.59516242e+12 9.43327152e+12 4.66284120e+12 4.52168575e+12
  6.60625099e+12 9.82457651e+12 4.37858566e+12 4.21354198e+11
  1.59468567e+10 1.43187767e+10 1.63804789e+11 2.55715525e+10]
 [9.93925908e+10 6.10998723e+11 9.27098926e+11 2.40858876e+12
  1.92422657e+13 7.88732406e+13 7.12089594e+13 1.54292367e+13
  9.74614146e+13 4.86709364e+14 7.10804346e+14 3.19164783e+14
  1.13103146e+14 2.12261954e+13 1.86041824e+13 1.16109429e+13
  2.15404094e+12 1.88984832e+12 4.79497061e+12 1.45243064e+11]
 [4.13535549e+11 1.88848277e+12 4.19944589e+12 1.10094468e+13
  9.53189280e+13 3.77240587e+14 2.82113731e+14 9.59257396e+12
  4.13720153e+14 2.27127551e+15 3.22155134e+15 1.42016702e+15
  5.12635416e+14 4.51784101e+13 6.29071787e+13 5.29489222e+13
  1.10719130e+13 9.13574842e+12 2.11843578e+13 7.16178168e+11]
 [7.94222237e+11 3.13914399e+12 7.30408823e+12 1.89406245e+13
  1.70275749e+14 6.65707983e+14 4.74798951e+14 2.55462536e+12
  7.13357007e+14 3.95441601e+15 5.49580742e+15 2.41143512e+15
  8.96510843e+14 6.56872393e+13 1.02653791e+14 9.20685751e+13
  2.00945181e+13 1.61076562e+13 3.62071554e+13 1.42317193e+12]
 [7.26711958e+11 2.89302391e+12 6.58446578e+12 1.70493477e+13
  1.53248367e+14 5.99504258e+14 4.29465724e+14 5.01608739e+12
  6.44459817e+14 3.56065620e+15 4.94616199e+15 2.17079958e+15
  8.08540473e+14 6.17286585e+13 9.34043668e+13 8.29519368e+13
  1.80863740e+13 1.44975870e+13 3.26170096e+13 1.29204689e+12]
 [3.09721755e+11 1.46434830e+12 2.89462119e+12 7.51920983e+12
  6.50342416e+13 2.58374047e+14 1.98443913e+14 1.41983897e+13
  2.88920772e+14 1.55424513e+15 2.19780266e+15 9.70373955e+14
  3.54312184e+14 3.79748181e+13 4.57561283e+13 3.63726872e+13
  7.55753534e+12 6.23498181e+12 1.45387486e+13 5.14540915e+11]
 [6.30886693e+10 4.35155786e+11 3.23549260e+11 7.30688987e+11
  5.73513233e+12 2.50636428e+13 3.11355121e+13 1.77012939e+13
  3.97217849e+13 1.52501049e+14 2.11517753e+14 9.75576057e+13
  4.09119339e+13 1.78740404e+13 1.03063193e+13 3.86086859e+12
  6.47047212e+11 5.66179446e+11 1.57230916e+12 7.47300550e+10]
 [3.61951930e+10 2.17937000e+11 2.09833568e+11 5.16556954e+11
  3.62839578e+12 1.58579863e+13 2.06672704e+13 1.15036326e+13
  2.54322876e+13 1.01313379e+14 1.51708859e+14 7.12687328e+13
  2.58936951e+13 1.07432422e+13 6.79831349e+12 2.59758958e+12
  3.77208921e+11 3.66948865e+11 1.12013854e+12 4.36605040e+10]
 [8.45000697e+10 1.56272047e+11 5.72516462e+11 1.83476138e+12
  1.13437698e+13 4.52280041e+13 4.55182335e+13 3.60981476e+12
  5.87902189e+13 3.14704105e+14 5.48648279e+14 2.61079432e+14
  6.62877043e+13 7.46961981e+12 1.10463692e+13 8.03267674e+12
  9.93119395e+11 1.14978281e+12 3.77721192e+12 1.40916150e+11]
 [1.10054907e+11 4.08484309e+10 3.05180923e+11 1.15926983e+12
  6.14170205e+12 2.18259985e+13 2.53613400e+13 3.69844315e+11
  3.25264564e+13 1.68709507e+14 3.35532926e+14 1.71259017e+14
  3.46981380e+13 2.84765857e+12 6.09592678e+12 4.93894647e+12
  3.82226522e+11 5.89595946e+11 2.50758727e+12 1.95824792e+11]
 [2.55383129e+10 1.42956322e+09 2.64535783e+10 1.25918610e+11
  6.04236193e+11 1.54682166e+12 2.36081538e+12 2.05895908e+10
  3.17776429e+12 1.41022510e+13 3.33731518e+13 1.91292152e+13
  3.05546229e+12 2.24282219e+11 6.02615043e+11 5.46178622e+11
  1.82669224e+10 4.71101285e+10 2.94525335e+11 4.57482997e+10]
 [1.84883631e+10 6.23336442e+08 7.09135565e+09 4.51591559e+10
  2.29913069e+11 2.69306735e+11 6.66831789e+11 4.63562948e+10
  1.07997505e+12 3.30205134e+12 1.00187138e+13 6.90312029e+12
  9.07755202e+11 6.01012669e+10 1.94945177e+11 2.11972936e+11
  2.36597382e+09 1.10858428e+10 1.16612017e+11 3.19530574e+10]
 [8.61391697e+10 8.61124811e+09 1.00894917e+10 8.34257953e+10
  5.47427920e+11 1.39137409e+11 9.17604807e+11 5.81200078e+11
  2.28490179e+12 3.00240015e+12 1.32868245e+13 1.23910487e+13
  1.69005121e+12 1.03105620e+11 3.82698056e+11 4.61657476e+11
  1.11283734e+10 1.33844404e+10 2.43985193e+11 1.24565436e+11]
 [1.03100229e+11 2.36190279e+10 1.46849940e+09 3.85061490e+09
  2.60673037e+10 1.28188662e+10 1.54900116e+11 1.00030932e+12
  7.90174775e+11 7.35006806e+10 2.35088408e+11 5.90420710e+11
  3.93401713e+11 1.12813442e+10 1.71526313e+11 6.42980709e+10
  1.48775738e+09 5.26707837e+08 2.81017256e+10 9.89095817e+10]]