[[7.27382459e+11 1.90585734e+11 1.70909091e+10 7.35835390e+10
  5.28962741e+11 1.38486477e+11 1.13164087e+12 7.40900552e+12
  7.76460727e+12 1.15516269e+12 5.22480426e+12 8.29967646e+12
  3.17844847e+12 7.99242743e+10 1.46751511e+12 8.25358667e+11
  3.08349186e+10 9.61944728e+09 2.70055152e+11 7.04346432e+11]
 [2.63095846e+11 4.19527875e+10 1.13825300e+10 4.18666925e+10
  1.76209875e+11 5.22065817e+10 1.19347543e+12 4.84049975e+12
  4.13515152e+12 1.98070515e+12 4.86837873e+12 3.93455706e+12
  1.15339966e+12 5.12935276e+11 1.28228791e+12 4.25235632e+11
  4.94850224e+09 4.16421174e+09 1.06854452e+11 2.45766302e+11]
 [1.00307284e+11 1.89734266e+09 1.47758766e+09 1.26464510e+10
  1.15433685e+11 2.49127724e+11 1.64755851e+12 1.66226059e+12
  3.97186471e+11 7.35557803e+11 4.00929885e+12 4.92886700e+12
  1.38354541e+12 6.39998869e+11 2.42368115e+11 4.16437287e+10
  7.49695522e+08 6.25881523e+09 1.25440328e+11 1.11939181e+11]
 [1.83821264e+11 3.95161691e+09 1.14565479e+09 3.64729450e+10
  3.87712478e+11 1.90254687e+12 7.66127204e+12 4.99966213e+12
  2.82692798e+11 2.45251247e+12 1.62967118e+13 1.80295921e+13
  6.16954914e+12 3.43031793e+12 4.98238667e+11 4.17864753e+10
  6.46637897e+09 3.44982843e+10 4.21480756e+11 2.10158242e+11]
 [9.55860135e+11 1.27183660e+11 6.58935540e+09 4.01664604e+11
  4.84566305e+12 3.31271827e+13 1.00803728e+14 5.46448764e+13
  1.77120331e+12 3.34213441e+13 2.00379015e+14 1.99131818e+14
  8.62462681e+13 5.11379107e+13 5.42134235e+12 3.42231250e+11
  1.63616385e+11 5.31739636e+11 4.42646686e+12 1.09592930e+12]
 [8.63084975e+11 6.70060142e+11 1.04780258e+11 9.34042362e+11
  1.19336787e+13 8.96222425e+13 2.30124340e+14 1.22299491e+14
  1.95291753e+13 1.07142324e+14 4.45788614e+14 3.98620290e+14
  2.13159492e+14 1.32352470e+14 1.77599104e+13 1.71088320e+12
  6.01892934e+11 1.37354295e+12 8.68243271e+12 9.79190996e+11]
 [3.64774958e+11 1.57608671e+12 5.00165397e+11 1.00314519e+12
  9.27266094e+12 6.40285997e+13 1.59057506e+14 1.22329595e+14
  8.60083480e+13 1.94794201e+14 3.38100488e+14 2.35294436e+14
  1.50665426e+14 1.19005822e+14 3.76015399e+13 5.53202628e+12
  7.58170539e+11 1.01688551e+12 5.07800307e+12 3.88965002e+11]
 [1.77271687e+11 2.80497547e+12 1.03544190e+12 9.92564001e+11
  2.38743787e+12 4.79880566e+11 3.39500109e+13 1.11611464e+14
  1.75166400e+14 2.94919418e+14 1.53069795e+14 9.65535629e+12
  1.24794317e+13 7.31211098e+13 6.02117056e+13 1.04291519e+13
  7.21609953e+11 1.62533462e+11 6.70608668e+10 1.37499435e+11]
 [1.40277882e+12 5.08441916e+12 1.09933446e+12 2.29144936e+12
  2.83178925e+13 1.96215774e+14 4.11078544e+14 2.64964717e+14
  1.88322243e+14 4.55878156e+14 8.08912556e+14 5.74563263e+14
  4.46286626e+14 3.15622750e+14 7.78342131e+13 1.18987663e+13
  2.42639844e+12 2.99206728e+12 1.28329327e+13 1.51859868e+12]
 [4.76377945e+12 8.04961257e+12 5.53454721e+11 4.76020034e+12
  9.02041677e+13 6.70783474e+14 1.27137609e+15 5.60030301e+14
  1.01818473e+14 6.46114382e+14 2.23821970e+15 1.86403095e+15
  1.48637932e+15 8.44841406e+14 8.55462115e+13 8.69448033e+12
  6.05534977e+12 9.70805600e+12 4.24570196e+13 5.41741443e+12]
 [6.43355909e+12 9.12191634e+12 1.26328985e+11 6.01886857e+12
  1.23500470e+14 9.29697849e+14 1.74275216e+15 7.13670385e+14
  3.26424905e+13 7.15391535e+14 3.01567688e+15 2.57893277e+15
  2.05288748e+15 1.12649266e+15 8.37574512e+13 5.68467140e+12
  7.89614540e+12 1.33570373e+13 5.88255337e+13 7.37818890e+12]
 [3.97047904e+12 6.93230166e+12 3.24866944e+11 4.61424540e+12
  8.75382757e+13 6.61087738e+14 1.28107949e+15 5.52451548e+14
  6.30178610e+13 5.82030754e+14 2.25697475e+15 1.91084920e+15
  1.46585039e+15 8.28155098e+14 7.45173450e+13 6.42621172e+12
  5.64790593e+12 9.56622126e+12 4.31321887e+13 4.53377560e+12]
 [1.07520234e+12 3.57109355e+12 6.77210169e+11 2.10922714e+12
  2.88000479e+13 2.10922395e+14 4.50634759e+14 2.53429233e+14
  1.17193127e+14 3.53719224e+14 8.59295901e+14 6.68026005e+14
  4.77373585e+14 3.11625437e+14 5.86069690e+13 7.87050668e+12
  2.10301857e+12 3.16243113e+12 1.47601072e+13 1.19191372e+12]
 [1.34425633e+11 1.40304515e+12 5.97774315e+11 6.78039832e+11
  2.40944161e+12 8.81556052e+12 3.96183111e+13 7.96216596e+13
  1.01909558e+14 1.78629037e+14 1.30108248e+14 3.69962704e+13
  2.64588958e+13 5.36431707e+13 3.80694948e+13 6.25049865e+12
  4.27014200e+11 2.17702116e+11 7.17800684e+11 1.18472379e+11]
 [2.04351152e+11 4.84054530e+11 2.47706194e+11 4.05668629e+11
  2.30501811e+12 1.37410477e+13 4.35611823e+13 5.03740324e+13
  4.33496834e+13 8.33254798e+13 1.08836615e+14 6.34430272e+13
  3.51320475e+13 3.66150157e+13 1.85108763e+13 2.83819151e+12
  2.07273195e+11 2.43454665e+11 1.34060080e+12 2.05658710e+11]
 [5.45651328e+11 1.02605351e+11 3.86548661e+10 2.63062958e+11
  2.68462669e+12 1.78607271e+13 5.57007237e+13 3.52282441e+13
  7.42755953e+12 2.81052390e+13 1.14967616e+14 1.07791274e+14
  4.68662740e+13 3.00049613e+13 5.61061121e+12 6.32478388e+11
  1.00614838e+11 2.91410925e+11 2.38831870e+12 6.14232827e+11]
 [1.95327171e+11 4.05623310e+09 8.13961269e+08 3.82672425e+10
  4.13048604e+11 2.03154775e+12 8.16376045e+12 5.25363008e+12
  2.16623937e+11 2.50548839e+12 1.73090665e+13 1.92456503e+13
  6.58353259e+12 3.63618063e+12 4.95987937e+11 3.79579257e+10
  6.82520377e+09 3.67867430e+10 4.50031150e+11 2.23669300e+11]
 [2.03925587e+11 2.44690445e+09 2.92370222e+08 2.12848741e+10
  2.44948460e+11 5.49976707e+11 3.50944861e+12 2.85734151e+12
  1.00932282e+11 9.01827935e+11 8.09248837e+12 1.08178399e+13
  3.01952189e+12 1.25165396e+12 2.33076738e+11 2.17855250e+10
  1.37386282e+09 1.34918762e+10 2.76624193e+11 2.33615191e+11]
 [1.37844582e+12 5.73251326e+10 5.65312893e+09 9.89388784e+10
  1.28551920e+12 5.99291945e+11 9.02310474e+12 1.21717294e+13
  2.14808657e+12 2.51545893e+12 2.43580198e+13 4.16430573e+13
  1.13508272e+13 2.14411179e+12 1.23464276e+12 2.75508685e+11
  1.54821774e+10 3.55252641e+10 1.20764578e+12 1.55548988e+12]
 [1.01010299e+12 1.97946074e+11 1.61526967e+10 8.37638657e+10
  8.14550492e+11 2.48485267e+11 1.76307410e+12 8.54149463e+12
  7.35806108e+12 1.18815599e+12 7.15785761e+12 1.44825459e+13
  5.40994626e+12 1.04087195e+11 1.46167709e+12 7.93854948e+11
  3.73120843e+10 1.56002047e+10 4.81969881e+11 1.03633707e+12]]