[[2.37364672e+12 4.96408524e+11 3.89386136e+10 1.79947503e+11
  1.63701818e+12 5.13870934e+11 3.98433653e+12 2.10668679e+13
  1.82792244e+13 2.67454141e+12 1.46022341e+13 2.93164095e+13
  1.17586428e+13 2.49203391e+11 3.67235918e+12 1.87329075e+12
  7.84884618e+10 3.13080756e+10 1.01183993e+12 2.39043252e+12]
 [1.34720884e+12 9.36573998e+10 5.18052820e+09 7.48010106e+09
  4.10566775e+11 3.32220115e+11 7.47698652e+12 1.58866901e+13
  4.15617872e+12 1.34801048e+11 5.38855391e+12 1.91994571e+13
  8.04035381e+12 2.29733927e+12 2.26037823e+12 1.09765463e+11
  1.87981769e+09 1.30854774e+10 7.29867045e+11 1.40141527e+12]
 [1.08961771e+11 3.63744420e+09 3.11966128e+09 8.57246354e+09
  6.31684917e+10 1.66153067e+11 1.51596884e+12 2.47621481e+12
  1.01163155e+12 7.27314117e+11 2.18758892e+12 2.98135802e+12
  1.10489733e+12 7.66761460e+11 5.29430788e+11 6.92322134e+10
  4.52638603e+08 3.51205436e+09 8.85841378e+10 1.11834541e+11]
 [5.78940770e+10 7.65540987e+09 2.34979848e+10 5.82722612e+10
  1.91525562e+11 4.37060525e+11 1.68527515e+12 4.00487471e+12
  4.40400800e+12 8.05788661e+12 1.20255060e+13 5.36439320e+12
  1.19330093e+12 1.41323895e+12 1.72774723e+12 4.08124360e+11
  7.70042984e+09 1.41530341e+10 8.78890110e+10 5.41217955e+10]
 [9.14588814e+10 2.73112190e+11 4.54779681e+11 9.28111958e+11
  2.86496396e+12 4.44951786e+12 2.06724715e+12 3.51210356e+13
  7.06706112e+13 1.68044063e+14 1.95806544e+14 5.22976033e+13
  2.42299086e+12 9.90090467e+12 2.42007037e+13 6.31926156e+12
  2.74802464e+11 2.41798806e+11 3.84172742e+11 4.96827689e+10]
 [1.53241020e+11 1.63006660e+12 1.54730778e+12 2.69252038e+12
  9.88759300e+12 1.92182867e+13 1.58185409e+13 1.07026389e+14
  2.28786387e+14 5.72470660e+14 5.91930804e+14 1.54773273e+14
  1.56676822e+13 4.11413215e+13 7.48380875e+13 1.86959531e+13
  1.31180917e+12 8.88762960e+11 1.30636399e+12 1.03931770e+11]
 [4.84653189e+11 4.14265157e+12 1.97937274e+12 2.96881297e+12
  1.59409041e+13 7.16182936e+13 1.77889362e+14 2.41498537e+14
  3.14857116e+14 6.87982019e+14 7.22304139e+14 3.02508733e+14
  1.56663656e+14 1.78541206e+14 1.13049143e+14 2.16620209e+13
  2.01593400e+12 1.57170993e+12 5.42039313e+12 4.70091216e+11]
 [1.41304602e+12 6.77308191e+12 8.76041347e+11 8.64405774e+11
  1.57392508e+13 1.69905604e+14 5.13506294e+14 4.18451391e+14
  2.21453982e+14 1.87140989e+14 3.97537894e+14 4.65218870e+14
  4.74028666e+14 4.42130745e+14 1.16471289e+14 7.44995714e+12
  8.61937610e+11 1.88282049e+12 1.27801307e+13 1.46090374e+12]
 [2.66222362e+12 1.01674387e+13 8.97258008e+11 6.84156872e+11
  2.08455741e+13 2.44590174e+14 7.10054949e+14 5.45800608e+14
  2.66364319e+14 1.35936647e+14 4.32219722e+14 6.01465294e+14
  6.87704785e+14 6.22531113e+14 1.45851289e+14 6.67435977e+12
  8.73968657e+11 2.52123956e+12 1.72990102e+13 2.76157803e+12]
 [2.43306014e+12 1.52756140e+13 4.59939334e+12 5.99744662e+12
  4.37739643e+13 2.21734767e+14 5.00575546e+14 5.51085680e+14
  7.52861164e+14 1.53086815e+15 1.46254239e+15 6.75332716e+14
  5.05979759e+14 5.19080312e+14 2.49478506e+14 4.76262682e+13
  5.89831444e+12 4.17755773e+12 1.38394556e+13 2.40319964e+12]
 [9.54302554e+11 1.86965527e+13 8.90612686e+12 1.23151719e+13
  6.68384157e+13 1.42064229e+14 1.23394528e+14 4.72934282e+14
  1.28894765e+15 3.19457011e+15 2.64103154e+15 6.70769763e+14
  1.41995097e+14 2.73274942e+14 3.50607108e+14 9.59377124e+13
  1.17669914e+13 5.66056077e+12 6.71180891e+12 7.23078954e+11]
 [3.88267170e+11 1.60626831e+13 8.70625876e+12 1.23431365e+13
  6.18677164e+13 1.01544429e+14 1.39062391e+13 3.99565999e+14
  1.23742369e+15 3.16551156e+15 2.62722883e+15 5.92936277e+14
  3.26293582e+13 1.75228989e+14 3.33372347e+14 9.45161527e+13
  1.11445203e+13 5.19307848e+12 4.10524120e+12 1.77975886e+11]
 [6.17838237e+11 9.21720554e+12 4.48811261e+12 6.46935452e+12
  3.40353473e+13 1.05150341e+14 1.80087634e+14 3.46313597e+14
  6.70723906e+14 1.59922778e+15 1.46805319e+15 4.61016735e+14
  1.75331571e+14 2.33980971e+14 2.07195999e+14 4.85196225e+13
  5.26603369e+12 3.10202579e+12 6.38206403e+12 5.57412148e+11]
 [6.88650653e+11 3.59060227e+12 9.95176375e+11 1.33698791e+12
  1.11867309e+13 8.86078969e+13 2.73461030e+14 2.63222587e+14
  1.91629031e+14 2.99772986e+14 4.07024269e+14 3.03774397e+14
  2.36467047e+14 2.35585123e+14 8.65930421e+13 1.01295819e+13
  9.60167934e+11 1.24690931e+12 7.31903721e+12 7.01867108e+11]
 [7.36615985e+11 1.03665845e+12 1.06177288e+11 4.04155664e+10
  3.21779006e+12 4.25676879e+13 1.65100795e+14 1.43612382e+14
  4.41868755e+13 5.05328300e+11 8.11704874e+13 1.56912585e+14
  1.30051312e+14 1.24694226e+14 3.23817923e+13 6.01152416e+11
  5.37141840e+10 4.29477420e+11 4.50335450e+12 7.66745172e+11]
 [4.54739982e+11 1.94700745e+11 1.31461280e+11 2.32418607e+11
  1.36800739e+12 9.14715867e+12 3.81573213e+13 4.49976050e+13
  2.68360889e+13 4.03769444e+13 6.63377966e+13 5.28805961e+13
  2.77248575e+13 2.83442541e+13 1.35002786e+13 1.66040821e+12
  7.39459900e+10 1.44125462e+11 1.27168153e+12 4.62432024e+11]
 [4.77044409e+10 7.98916378e+09 2.68424698e+10 6.72785095e+10
  2.09075975e+11 3.97365665e+11 1.28319897e+12 3.87569000e+12
  4.91601553e+12 9.33011181e+12 1.35600588e+13 5.35663155e+12
  9.27314244e+11 1.23357649e+12 1.85499357e+12 4.69577683e+11
  8.84440625e+09 1.50830994e+10 7.54567817e+10 4.25446319e+10]
 [1.71973556e+10 5.39069480e+09 1.50702773e+10 5.19319305e+10
  1.52883776e+11 7.35788319e+10 2.61401280e+10 1.86831847e+12
  3.30748428e+12 4.72031808e+12 8.37699032e+12 2.94377089e+12
  5.37732933e+10 2.32951988e+11 1.05472413e+12 3.87982847e+11
  2.44255870e+09 6.45168337e+09 2.27513337e+10 7.57452318e+09]
 [3.59454407e+11 1.42699334e+11 6.29504109e+10 2.93946687e+11
  1.17898877e+12 1.63876487e+11 1.21195155e+12 1.21575471e+13
  1.95551457e+13 1.29769991e+13 3.49314421e+13 1.89587777e+13
  1.48844953e+12 8.73763333e+11 4.95402459e+12 2.51308249e+12
  3.54624355e+10 2.58310992e+10 2.50528990e+11 2.79157860e+11]
 [2.12326929e+12 5.19889997e+11 4.83986639e+10 2.31046359e+11
  1.83484570e+12 4.80023208e+11 3.47908257e+12 2.04908098e+13
  2.14297965e+13 3.46688080e+12 1.75324050e+13 2.92769466e+13
  1.03248929e+13 2.28115696e+11 4.00241503e+12 2.37896743e+12
  9.91384418e+10 3.37387489e+10 9.19561958e+11 2.10596108e+12]]