[[3.67625294e+11 9.42579598e+10 7.61377699e+09 2.87816185e+10
  1.96220162e+11 5.82996163e+10 5.56688747e+11 3.74473123e+12
  3.62914616e+12 4.75001982e+11 1.94232167e+12 3.26319677e+12
  1.48749658e+12 4.06029945e+10 7.13906649e+11 3.57942792e+11
  1.17981887e+10 3.61024382e+09 1.18102385e+11 3.52383915e+11]
 [2.39727008e+11 1.96696995e+10 6.04385973e+09 4.11473243e+10
  3.10927146e+11 1.10243733e+11 1.50398473e+12 2.77030968e+12
  1.89119850e+12 1.49972191e+12 6.97740352e+12 8.36559937e+12
  1.91806528e+12 3.94453489e+11 5.73049082e+11 2.51980205e+11
  5.55774459e+09 8.00056253e+09 2.14317249e+11 2.62650676e+11]
 [6.53502997e+10 4.30693986e+08 2.46370343e+09 2.60501739e+10
  1.83139849e+11 2.99488533e+11 1.35574673e+12 6.09757602e+11
  2.76732831e+11 1.61890436e+12 7.07008220e+12 6.64646038e+12
  1.35520790e+12 3.56019976e+11 5.80319273e+10 8.43146269e+10
  1.46805679e+09 9.40125965e+09 1.41397169e+11 8.24327064e+10]
 [1.02714491e+11 3.00444427e+08 8.82631680e+09 8.10588029e+10
  5.48589000e+11 1.96199244e+12 5.40780415e+12 1.41348299e+12
  5.33747459e+11 7.52201567e+12 2.67195643e+13 2.10343421e+13
  5.17083978e+12 1.62343181e+12 1.80694867e+10 2.22753906e+11
  1.27442182e+10 4.55929198e+10 4.06717416e+11 1.32892669e+11]
 [4.84039818e+11 8.77722924e+09 1.12536798e+11 8.28580401e+11
  6.19460007e+12 3.07375060e+13 6.42163597e+13 1.41960450e+13
  5.96046771e+12 9.98340084e+13 2.98413911e+14 2.09165357e+14
  6.50982294e+13 2.20079377e+13 1.59228615e+11 2.23063304e+12
  2.96148681e+11 6.33888466e+11 3.84341004e+12 6.26578505e+11]
 [4.00082489e+11 1.28901729e+11 2.83089586e+11 1.54430438e+12
  1.32299900e+13 7.33805975e+13 1.31458952e+14 3.44460455e+13
  2.05080452e+13 2.24061600e+14 5.66617923e+14 3.67621181e+14
  1.43040639e+14 5.34097991e+13 4.06374853e+12 4.59307739e+12
  9.00407197e+11 1.42744474e+12 6.66804647e+12 5.06093666e+11]
 [1.61686232e+11 6.57365712e+11 3.23574212e+11 8.02864628e+11
  6.80126769e+12 3.91873848e+13 7.74372268e+13 4.94356272e+13
  4.56456755e+13 1.51167800e+14 2.61281141e+14 1.55775062e+14
  8.06847468e+13 5.05529498e+13 1.66429393e+13 3.88513091e+12
  6.04628995e+11 7.22130307e+11 2.97516498e+12 1.80225955e+11]
 [1.63292034e+11 1.46744249e+12 4.21825723e+11 3.99423356e+11
  1.88353723e+12 1.20360971e+13 4.85057280e+13 6.91385200e+13
  7.68893192e+13 1.14679183e+14 7.90981587e+13 3.54244306e+13
  3.79569015e+13 5.73242721e+13 2.93966662e+13 4.13990773e+12
  3.05397505e+11 1.84002112e+11 9.21216923e+11 1.52590124e+11]
 [1.01296502e+12 1.64572114e+12 1.11311907e+12 4.09977959e+12
  4.76595218e+13 2.64148466e+14 3.76974530e+14 1.14943771e+14
  1.04601798e+14 7.42694029e+14 1.43547935e+15 8.57366065e+14
  4.90315953e+14 1.95415046e+14 2.59423543e+13 1.50448919e+13
  4.39059388e+12 4.85659890e+12 1.62395814e+13 1.24157275e+12]
 [2.79788731e+12 9.49098568e+11 2.18391370e+12 1.05408090e+13
  1.33025884e+14 7.26940529e+14 9.43155145e+14 1.71213044e+14
  1.19871424e+14 1.83415236e+15 3.78985789e+15 2.28125621e+15
  1.30989895e+15 4.21080059e+14 8.74756030e+12 3.31120278e+13
  1.20991092e+13 1.34111187e+13 4.30733640e+13 3.59958948e+12]
 [3.37878515e+12 5.09042625e+11 2.55049400e+12 1.29558607e+13
  1.64584118e+14 8.98796786e+14 1.15448152e+15 1.88367854e+14
  1.19045853e+14 2.23584272e+15 4.68259512e+15 2.82318296e+15
  1.61318180e+15 5.01322004e+14 1.72832314e+11 3.95699738e+13
  1.49070532e+13 1.65977724e+13 5.32077517e+13 4.38185042e+12]
 [1.90623949e+12 8.87380352e+11 1.77780516e+12 8.55661135e+12
  1.03788598e+14 5.72710538e+14 7.67011604e+14 1.47043351e+14
  1.03106372e+14 1.47416583e+15 3.09825778e+15 1.87032905e+15
  1.03614429e+15 3.41434608e+14 1.00423810e+13 2.67869866e+13
  9.30467161e+12 1.05978045e+13 3.49990367e+13 2.44449292e+12]
 [4.75672164e+11 1.15304015e+12 7.29277802e+11 2.54200482e+12
  2.69174079e+13 1.51718813e+14 2.35312996e+14 8.49733004e+13
  7.61974457e+13 4.55618654e+14 8.90042288e+14 5.34498083e+14
  2.86840207e+14 1.25273734e+14 2.17040876e+13 9.62982187e+12
  2.41259400e+12 2.80381133e+12 1.00182570e+13 5.73254063e+11]
 [8.15502530e+10 7.28379138e+11 2.39801441e+11 1.79073354e+11
  2.96308710e+11 2.53933754e+12 2.38904870e+13 4.46670374e+13
  4.58354462e+13 5.74371713e+13 2.24481598e+13 5.45640862e+12
  1.41901876e+13 3.19312458e+13 1.88861610e+13 2.34355273e+12
  9.94841220e+10 2.42038292e+10 2.75593034e+11 7.23115475e+10]
 [1.70916287e+11 2.05235393e+11 1.60423522e+11 5.30494820e+11
  4.10394593e+12 2.30139149e+13 4.78193326e+13 2.64151488e+13
  2.07923276e+13 8.59641693e+13 1.79703246e+14 1.13542204e+14
  4.77327965e+13 2.61343673e+13 7.66363201e+12 2.17428725e+12
  2.98455447e+11 4.40539173e+11 2.12243099e+12 1.97489027e+11]
 [3.41332717e+11 1.88637657e+10 8.50166008e+10 5.62640471e+11
  4.14636990e+12 2.06042875e+13 4.39958713e+13 1.20280649e+13
  6.02797266e+12 6.90095859e+13 2.00337853e+14 1.39925243e+14
  4.40159615e+13 1.59871977e+13 1.06652124e+12 1.60786915e+12
  2.00046313e+11 4.24009516e+11 2.58151275e+12 4.34403250e+11]
 [1.06717268e+11 2.57511651e+08 9.11099249e+09 8.45015856e+10
  5.72602579e+11 2.04761769e+12 5.63307875e+12 1.44183999e+12
  5.32958970e+11 7.82918644e+12 2.78820293e+13 2.19561672e+13
  5.39246780e+12 1.68208173e+12 7.28022678e+09 2.30968569e+11
  1.32915685e+10 4.75914297e+10 4.24394082e+11 1.38282974e+11]
 [1.01397960e+11 2.05162804e+08 3.48091529e+09 4.26250249e+10
  3.05893947e+11 4.99179185e+11 2.19046555e+12 7.43195352e+11
  2.73197229e+11 2.58299005e+12 1.17587202e+13 1.11105586e+13
  2.23103572e+12 5.30279433e+11 1.34921289e+10 1.26923048e+11
  2.42015969e+09 1.57178884e+10 2.35001017e+11 1.30975969e+11]
 [6.27744914e+11 1.33611402e+10 1.09611134e+10 1.50653767e+11
  1.36233048e+12 4.73375533e+11 5.01414840e+12 3.58888420e+12
  1.86748416e+12 4.60038982e+12 2.93569358e+13 3.69502864e+13
  7.37730682e+12 8.59172802e+11 3.44653905e+11 5.73239315e+11
  2.16257807e+10 3.53881547e+10 8.95860242e+11 7.85171557e+11]
 [4.65980637e+11 9.12373966e+10 8.41899702e+09 4.83149751e+10
  4.66900219e+11 1.31312095e+11 8.39771621e+11 3.87118024e+12
  3.62429430e+12 6.66307343e+11 4.16200493e+12 7.95008137e+12
  2.68213958e+12 4.74869681e+10 6.85921103e+11 4.25538219e+11
  2.16784376e+10 8.83323646e+09 2.49307088e+11 4.84833268e+11]]