[[1.84945265e+12 3.75557056e+11 3.04196221e+10 1.50569543e+11
  1.41535755e+12 4.32906805e+11 3.17305464e+12 1.60273263e+13
  1.39910869e+13 2.17868668e+12 1.25551799e+13 2.50967487e+13
  9.58666331e+12 1.92282996e+11 2.78149004e+12 1.48325743e+12
  6.64377495e+10 2.70397701e+10 8.43642969e+11 1.88160414e+12]
 [7.43112951e+11 2.98313687e+10 3.02238851e+07 2.82869013e+10
  5.37594710e+11 2.88347615e+11 4.73758567e+12 6.66855665e+12
  5.18938505e+11 4.45726470e+11 9.25379971e+12 1.91438903e+13
  5.77641382e+12 1.16803077e+12 5.84587809e+11 8.93995220e+09
  5.03161583e+09 1.54183718e+10 5.93094245e+11 8.28560864e+11]
 [7.26061318e+10 3.20974719e+09 4.56635206e+09 1.46912152e+10
  6.90542524e+10 1.22451108e+11 9.82197594e+11 1.88485858e+12
  1.20278309e+12 1.28891630e+12 2.92853943e+12 2.49651581e+12
  7.28542353e+11 5.28026270e+11 5.12981865e+11 1.10980776e+11
  7.26541369e+08 3.47686985e+09 6.21477503e+10 7.30922056e+10]
 [7.81866958e+10 1.25565768e+10 3.36806017e+10 6.48956577e+10
  1.40936479e+11 1.92223514e+11 1.65831701e+12 6.51349916e+12
  6.77326805e+12 1.00584968e+13 1.07206410e+13 2.76804179e+12
  7.49078541e+11 2.10185359e+12 2.79353404e+12 5.60418326e+11
  8.01108825e+09 9.27964715e+09 3.97228862e+10 6.41457080e+10]
 [3.85007932e+11 5.20041272e+11 5.98436402e+11 8.89454734e+11
  1.72156658e+12 4.31029200e+11 1.46405174e+13 8.33059677e+13
  1.05905350e+14 1.83476623e+14 1.47360797e+14 1.66036478e+13
  2.70038428e+12 3.26087357e+13 4.20996533e+13 7.80172729e+12
  2.44528403e+11 1.24063081e+11 9.39879481e+09 2.78340611e+11]
 [4.83844144e+11 2.74057163e+12 1.82344070e+12 2.35431256e+12
  5.89421461e+12 7.04353926e+12 5.71428357e+13 2.20067289e+14
  3.05733019e+14 5.64653824e+14 4.19701325e+14 6.53849763e+13
  2.24123844e+13 1.10542258e+14 1.15466720e+14 2.07223051e+13
  1.07326109e+12 4.76276839e+11 5.74953431e+11 3.73796138e+11]
 [5.05557919e+11 4.39302723e+12 1.87894913e+12 2.44761386e+12
  1.17627117e+13 5.52063257e+13 1.73081493e+14 2.60453886e+14
  3.14577610e+14 5.99983773e+14 5.51841479e+14 2.22584573e+14
  1.38369456e+14 1.90181491e+14 1.17882672e+14 1.99884657e+13
  1.61641719e+12 1.14900001e+12 4.34767129e+12 4.76311237e+11]
 [8.37454421e+11 2.63540969e+12 2.65057986e+11 1.02550822e+12
  1.80361300e+13 1.49361622e+14 3.44302490e+14 1.97332392e+14
  6.29771349e+13 1.45580574e+14 4.98686660e+14 4.54092692e+14
  3.55320120e+14 2.44073312e+14 4.04885852e+13 2.90592074e+12
  1.09771690e+12 2.04379377e+12 1.06464417e+13 9.20777030e+11]
 [1.54643965e+12 5.71863662e+12 1.05486554e+12 2.00718836e+12
  2.64338625e+13 1.97325620e+14 4.42454257e+14 2.99322100e+14
  1.96918479e+14 4.01046199e+14 7.32810984e+14 5.61389077e+14
  4.67962044e+14 3.51680316e+14 8.62941895e+13 1.09641753e+13
  2.14300627e+12 2.83732902e+12 1.30939310e+13 1.65552046e+12]
 [2.33000194e+12 2.11582252e+13 6.78038632e+12 7.42767959e+12
  3.70212009e+13 1.28555563e+14 3.85810364e+14 6.85814393e+14
  1.11754750e+15 2.08490420e+15 1.47153110e+15 4.35880305e+14
  3.20721758e+14 5.50358143e+14 3.58006145e+14 6.89552117e+13
  6.86365917e+12 3.21006874e+12 7.97055831e+12 2.07547354e+12]
 [2.53052209e+12 3.48289501e+13 1.21430951e+13 1.23844200e+13
  4.24828721e+13 2.87033475e+13 2.69796896e+14 1.02212182e+15
  1.97529320e+15 3.64960738e+15 2.09079338e+15 2.44680443e+14
  1.00487152e+14 6.87980478e+14 6.08912381e+14 1.23261290e+14
  1.09966604e+13 3.10035788e+12 1.25033276e+12 1.88558315e+12]
 [1.85478910e+12 2.92771602e+13 1.07785684e+13 1.11545528e+13
  3.61479220e+13 1.80443594e+13 2.28332595e+14 9.28610723e+14
  1.75062673e+15 3.25034591e+15 1.88622538e+15 2.04000583e+14
  7.15984226e+13 6.02117329e+14 5.51545385e+14 1.09705651e+14
  9.37601698e+12 2.63966945e+12 6.54326852e+11 1.36351691e+12]
 [9.45284930e+11 1.24025950e+13 4.76277910e+12 5.42302074e+12
  2.23686528e+13 6.82029322e+13 2.41749463e+14 5.07761597e+14
  7.81815149e+14 1.47364098e+15 1.06121178e+15 2.78012042e+14
  1.74588777e+14 3.60612906e+14 2.65582132e+14 4.90716378e+13
  4.19929072e+12 1.95359837e+12 4.61409290e+12 8.18662719e+11]
 [4.77895778e+11 2.18693268e+12 6.53435991e+11 1.16732184e+12
  1.06369216e+13 7.64996366e+13 2.02477460e+14 1.66969195e+14
  1.17410991e+14 2.34875163e+14 3.86170941e+14 2.75619242e+14
  1.86655744e+14 1.58243551e+14 5.22434703e+13 7.02504581e+12
  8.72896538e+11 1.17302839e+12 6.13778757e+12 5.02506982e+11]
 [4.04738254e+11 3.69199217e+11 2.89569886e+10 2.73532762e+11
  4.31480264e+12 3.63076750e+13 1.03059123e+14 6.26274757e+13
  1.03712800e+13 2.67233542e+13 1.51311412e+14 1.55027839e+14
  9.16219864e+13 6.37623776e+13 1.01300592e+13 3.82245306e+11
  1.87250792e+11 5.10254255e+11 3.58920178e+12 4.48708549e+11]
 [3.35746863e+11 2.06694146e+11 1.95843017e+11 3.43629899e+11
  1.36708667e+12 6.31864906e+12 2.57411149e+13 4.08043138e+13
  3.57695158e+13 6.34063507e+13 7.93286799e+13 4.10325958e+13
  1.80096740e+13 2.22826114e+13 1.55512452e+13 2.56478894e+12
  1.03075726e+11 1.31288842e+11 8.46176972e+11 3.24990304e+11]
 [7.95684148e+10 1.38903212e+10 3.78451266e+10 7.19617509e+10
  1.45092424e+11 1.42473383e+11 1.53464628e+12 7.06941727e+12
  7.59248709e+12 1.12550181e+13 1.15270045e+13 2.44280811e+12
  5.88139141e+11 2.20244361e+12 3.10923999e+12 6.29496968e+11
  8.81673082e+09 9.21084198e+09 2.80012917e+10 6.28372353e+10]
 [8.50494250e+10 1.02160717e+10 1.94471598e+10 4.87100453e+10
  9.02988672e+10 6.42650597e+09 5.23955561e+11 4.50080737e+12
  4.87617880e+12 5.04431611e+12 6.18089254e+12 9.21515195e+11
  9.25433306e+10 8.26897307e+11 1.81626672e+12 4.69282978e+11
  2.12793770e+09 3.25939948e+09 7.79942698e+07 6.13085434e+10]
 [8.77052866e+11 2.25812311e+11 7.19648017e+10 2.53041927e+11
  7.19557343e+11 7.73601579e+10 2.81058404e+12 2.27161070e+13
  2.51574960e+13 1.25237480e+13 2.47777410e+13 9.05878515e+12
  1.81208178e+12 1.96506724e+12 7.26768891e+12 2.71046802e+12
  2.86820917e+10 1.44754654e+10 1.41155482e+11 7.01721232e+11]
 [1.88340393e+12 4.69393510e+11 4.21991981e+10 1.90660518e+11
  1.46220318e+12 3.90484970e+11 3.01764845e+12 1.85062660e+13
  1.90320452e+13 2.92387783e+12 1.40949008e+13 2.34431457e+13
  8.71915058e+12 2.04089646e+11 3.60037874e+12 2.05168005e+12
  8.09804470e+10 2.68599517e+10 7.56639666e+11 1.84945265e+12]]