[[2.61035267e+12 5.43010262e+11 4.31703035e+10 2.03826285e+11
  1.86698767e+12 5.79100148e+11 4.40819948e+12 2.30451027e+13
  2.01156637e+13 3.00560984e+12 1.66516375e+13 3.32476402e+13
  1.31032497e+13 2.73391537e+11 4.02206403e+12 2.08627671e+12
  8.91828123e+10 3.56627534e+10 1.13603845e+12 2.63598591e+12]
 [1.59370551e+12 9.95325276e+10 5.22898560e+09 2.64090400e+10
  6.79347710e+11 4.54970631e+11 9.19190039e+12 1.76722478e+13
  4.10890097e+12 5.31415616e+11 1.04280390e+13 2.78486052e+13
  1.02828503e+13 2.66321496e+12 2.34174919e+12 1.29847988e+11
  4.96650305e+09 2.05134757e+10 9.74757256e+11 1.68895715e+12]
 [1.41547686e+11 3.64726883e+09 1.69905200e+09 5.87899763e+09
  8.05010489e+10 2.38732770e+11 2.07397281e+12 2.83388181e+12
  7.35299779e+11 3.54858808e+11 2.38312537e+12 4.20773993e+12
  1.56240627e+12 9.61271416e+11 4.84839924e+11 3.32990501e+10
  3.74938249e+08 4.69877108e+09 1.27223839e+11 1.49339362e+11]
 [8.69776885e+10 7.57142239e+09 1.74833210e+10 4.08673520e+10
  1.60111398e+11 5.50762045e+11 2.75824990e+12 4.68559786e+12
  3.57091749e+12 5.63258858e+12 9.09664467e+12 5.62979190e+12
  1.89035831e+12 1.96602912e+12 1.58283837e+12 2.94572151e+11
  5.48713366e+09 1.26617397e+10 1.21447598e+11 8.58429480e+10]
 [1.68757869e+11 2.77332832e+11 3.87814917e+11 7.14693691e+11
  2.02556265e+12 3.16414358e+12 7.20146753e+12 4.08087042e+13
  6.36216379e+13 1.34286049e+14 1.43062498e+14 3.57279895e+13
  3.95497572e+12 1.46995000e+13 2.34081205e+13 5.26176462e+12
  2.07786407e+11 1.68331576e+11 3.02605757e+11 1.23049813e+11]
 [1.85922348e+11 1.72059800e+12 1.45683701e+12 2.29438809e+12
  7.36555662e+12 1.03987073e+13 1.51063009e+13 1.19930975e+14
  2.24465196e+14 5.08033985e+14 4.69303338e+14 9.95316982e+13
  6.85068313e+12 4.91448473e+13 7.68955129e+13 1.72494716e+13
  1.09282618e+12 6.35752894e+11 6.22605167e+11 1.21211953e+11]
 [5.22502928e+11 4.51229380e+12 2.07832199e+12 2.97773285e+12
  1.54317469e+13 6.99116930e+13 1.86870549e+14 2.64259759e+14
  3.36284800e+14 7.02585003e+14 7.07218147e+14 2.91852796e+14
  1.59268092e+14 1.94129981e+14 1.22470669e+14 2.25329243e+13
  2.00423726e+12 1.51623893e+12 5.35054376e+12 5.01185095e+11]
 [1.62036069e+12 7.33401166e+12 1.04101288e+12 1.48381484e+12
  2.34064947e+13 2.20017680e+14 6.06781565e+14 4.61320347e+14
  2.42913331e+14 2.91412479e+14 6.36392683e+14 6.31471619e+14
  5.78954573e+14 4.99753126e+14 1.25655078e+14 9.58150482e+12
  1.46993885e+12 2.70580612e+12 1.61995821e+13 1.69910643e+12]
 [3.32033453e+12 1.04090766e+13 4.19235810e+11 6.92021699e+11
  3.17368628e+13 3.50226210e+14 9.28056845e+14 6.17417754e+14
  2.02378417e+14 3.76647381e+13 6.48195042e+14 8.87369857e+14
  9.35074946e+14 7.54518376e+14 1.38794439e+14 1.94134495e+12
  1.12951224e+12 3.81062239e+12 2.43584682e+13 3.52718360e+12]
 [3.41579439e+12 1.50906816e+13 3.13522737e+12 4.05808939e+12
  4.21139438e+13 3.04013760e+14 7.49389233e+14 6.40513429e+14
  5.80574608e+14 9.80861100e+14 1.19854682e+15 8.20951980e+14
  7.62973338e+14 6.90731939e+14 2.25775177e+14 3.11788552e+13
  4.21116096e+12 4.37001192e+12 1.98620691e+13 3.50412853e+12]
 [1.64009908e+12 1.87365638e+13 7.25457592e+12 9.14131196e+12
  4.90467635e+13 1.36495407e+14 2.64184451e+14 5.53593002e+14
  1.11708310e+15 2.43923087e+15 1.92069523e+15 5.39372171e+14
  2.43959493e+14 4.03909271e+14 3.31286925e+14 7.61891892e+13
  8.64450028e+12 4.22409226e+12 7.55402437e+12 1.42413928e+12]
 [5.89762702e+11 1.66919622e+13 7.88846878e+12 1.00728013e+13
  4.40674883e+13 4.94526999e+13 3.25327691e+13 4.54774793e+14
  1.17420221e+15 2.69333299e+15 1.99324120e+15 3.61044247e+14
  9.88287560e+11 2.32575389e+14 3.34443092e+14 8.37809278e+13
  8.88813331e+12 3.54772756e+12 1.57542286e+12 3.28684394e+11]
 [6.65473466e+11 9.93884843e+12 4.49592377e+12 5.99353959e+12
  2.89060201e+13 8.38607621e+13 1.77872577e+14 3.81088283e+14
  6.92536920e+14 1.52922114e+15 1.29237743e+15 3.72157857e+14
  1.53035724e+14 2.56869605e+14 2.20312006e+14 4.78448891e+13
  4.79689867e+12 2.58584276e+12 5.15137883e+12 5.80583932e+11]
 [7.67463524e+11 3.92394454e+12 1.13694778e+12 1.66477136e+12
  1.40027155e+13 1.05634690e+14 3.09813720e+14 2.88421370e+14
  2.12959709e+14 3.62288284e+14 5.14022603e+14 3.69956890e+14
  2.73061526e+14 2.60692760e+14 9.48678994e+13 1.17884943e+13
  1.20668625e+12 1.54819760e+12 8.62912883e+12 7.88123627e+11]
 [8.86440268e+11 1.08817035e+12 7.84097641e+10 1.60512605e+11
  5.36071636e+12 5.94940607e+13 2.07142644e+14 1.60622124e+14
  3.97203681e+13 6.65995833e+12 1.56322312e+14 2.31548636e+14
  1.69952851e+14 1.46640143e+14 3.25990643e+13 3.91084631e+11
  1.42431049e+11 6.80944164e+11 6.14317930e+12 9.41774879e+11]
 [6.04986600e+11 1.93765449e+11 7.85640238e+10 1.54940933e+11
  1.57560051e+12 1.30415847e+13 5.36276548e+13 5.17934807e+13
  1.97526090e+13 2.23754591e+13 6.37273183e+13 7.17044722e+13
  4.00334715e+13 3.62204728e+13 1.22439144e+13 9.21249684e+11
  5.60546080e+10 1.77942117e+11 1.83515896e+12 6.34033350e+11]
 [7.47419513e+10 7.92712227e+09 2.06822882e+10 4.81137521e+10
  1.65386783e+11 4.67298100e+11 2.24102004e+12 4.54191789e+12
  4.08332808e+12 6.74779721e+12 1.00369798e+13 5.15082065e+12
  1.51108196e+12 1.75638657e+12 1.71559986e+12 3.51826382e+11
  6.35132088e+09 1.25702261e+10 9.99795819e+10 7.15104207e+10]
 [3.13567780e+10 5.51580427e+09 1.31296995e+10 4.07658931e+10
  1.07468085e+11 4.40826051e+10 1.57460625e+11 2.15777606e+12
  3.03295980e+12 3.85505080e+12 6.17583428e+12 1.88823840e+12
  6.35850633e+10 3.38385685e+11 1.03290069e+12 3.30269524e+11
  1.87817162e+09 4.40952712e+09 1.35435285e+10 2.02654708e+10]
 [4.07607847e+11 1.51799210e+11 6.04853143e+10 2.56899185e+11
  9.10323552e+11 1.01004813e+11 1.13257401e+12 1.35246738e+13
  1.95199900e+13 1.17886443e+13 2.85311750e+13 1.29962829e+13
  9.40343879e+11 1.00208831e+12 5.15214439e+12 2.36894690e+12
  3.03356181e+10 1.92593738e+10 1.47034666e+11 2.99602584e+11]
 [2.30969891e+12 5.68035757e+11 5.22187493e+10 2.44940270e+11
  1.92645158e+12 5.07930612e+11 3.75824196e+12 2.24044076e+13
  2.32687159e+13 3.70015961e+12 1.84471722e+13 3.08123810e+13
  1.10588339e+13 2.48784959e+11 4.36642525e+12 2.55740062e+12
  1.04782303e+11 3.54235880e+10 9.76692531e+11 2.28381030e+12]]