[[1.08124218e+11 2.14460604e+10 1.16407811e+09 3.13761360e+09
  3.14830589e+10 1.62713094e+10 1.72039368e+11 9.61885184e+11
  6.58478937e+11 5.65659475e+10 2.43189870e+11 7.68738014e+11
  4.62524448e+11 1.14862796e+10 1.51197729e+11 4.99842607e+10
  1.29372765e+09 6.66943263e+08 3.48466874e+10 1.06641900e+11]
 [4.00715569e+10 1.91596995e+10 1.44104122e+10 9.27164503e+10
  4.98532821e+11 9.92269294e+10 4.23636764e+11 1.15934946e+12
  3.78102528e+12 3.64036932e+12 1.30969719e+13 9.86328838e+12
  9.55861490e+11 7.09496507e+10 7.68312692e+11 6.19777405e+11
  1.18617996e+10 1.16752698e+10 1.62549167e+11 5.36637149e+10]
 [2.34611506e+09 2.04569180e+09 1.04627385e+10 5.04631043e+10
  2.08381535e+11 1.86527121e+11 2.23779800e+11 4.01826781e+11
  1.92129828e+12 4.05022612e+12 9.86869173e+12 5.41417347e+12
  4.63494680e+11 1.46223371e+10 4.78578873e+11 2.91071683e+11
  2.52988950e+09 9.59901766e+09 7.44268270e+10 7.10885341e+09]
 [1.30942128e+09 5.08951736e+09 3.92071607e+10 1.40810315e+11
  5.47300970e+11 1.06703000e+12 7.44553063e+11 1.04169433e+12
  5.71394594e+12 1.73244508e+13 3.28703769e+13 1.49731808e+13
  1.53586396e+12 1.73793766e+10 1.53133844e+12 7.52312354e+11
  1.95406808e+10 4.07514629e+10 1.86841175e+11 8.45810782e+09]
 [7.22904886e+09 1.43204453e+11 4.51944412e+11 1.29620122e+12
  5.56362256e+12 1.50669915e+13 8.09199176e+12 9.66271651e+12
  5.83731474e+13 2.07199888e+14 3.30483507e+14 1.34099244e+14
  1.74910992e+13 3.19329621e+11 1.53925832e+13 6.79917973e+12
  4.08848513e+11 5.10105809e+11 1.59250501e+12 3.75676150e+10]
 [1.68652365e+10 4.73557780e+11 8.40466616e+11 2.04857677e+12
  1.02887649e+13 3.14672595e+13 1.62592352e+13 1.77099019e+13
  1.03374556e+14 3.85336829e+14 5.40488907e+14 2.05226356e+14
  3.44251531e+13 2.77804728e+12 2.61552029e+13 1.09920876e+13
  1.06142105e+12 9.96680034e+11 2.42703114e+12 3.68207602e+10]
 [2.72453498e+10 3.29634364e+11 2.79080491e+11 5.66340967e+11
  3.34382881e+12 1.20690488e+13 1.35788664e+13 1.46718557e+13
  3.66946499e+13 1.19454742e+14 1.49802943e+14 5.87644362e+13
  1.74815639e+13 9.53115393e+12 1.03610418e+13 3.31133059e+12
  3.98898619e+11 3.25977055e+11 8.16705998e+11 2.98859833e+10]
 [4.91323084e+10 6.32984415e+11 4.25215310e+11 7.99094146e+11
  5.29703679e+12 1.92865387e+13 2.12429199e+13 2.19099044e+13
  5.61476424e+13 1.78898779e+14 2.08928936e+14 8.09498119e+13
  2.83163992e+13 1.61047393e+13 1.51937810e+13 4.87768269e+12
  6.83241789e+11 5.04655234e+11 1.16326682e+12 5.32501051e+10]
 [6.41727961e+10 4.40018684e+12 4.24694124e+12 8.39468159e+12
  5.89906778e+13 1.79855104e+14 7.13611614e+13 6.66900647e+13
  5.07360121e+14 1.90270379e+15 2.16514319e+15 7.62975622e+14
  1.84354306e+14 1.45815358e+13 1.07910576e+14 4.97536072e+13
  8.07686709e+12 5.40542931e+12 9.34892288e+12 1.36621531e+11]
 [4.89560057e+10 1.01239853e+13 9.75003944e+12 1.90628991e+13
  1.38825942e+14 4.13887298e+14 1.37215524e+14 1.24084732e+14
  1.15630704e+15 4.37286089e+15 4.87173698e+15 1.69985189e+15
  4.07716698e+14 7.16519054e+12 2.35675427e+14 1.14187922e+14
  1.93459133e+13 1.25432653e+13 2.07169137e+13 2.48926559e+11]
 [4.02012669e+10 1.11837750e+13 1.08258705e+13 2.11807524e+13
  1.54230429e+14 4.59204330e+14 1.49663069e+14 1.35021562e+14
  1.28280024e+15 4.85801466e+15 5.41300768e+15 1.88749367e+15
  4.50584059e+14 4.98397451e+12 2.60934013e+14 1.26819413e+14
  2.14957880e+13 1.39334230e+13 2.29679920e+13 2.62673663e+11]
 [5.07102145e+10 6.22650401e+12 6.19764607e+12 1.23030517e+13
  8.63889042e+13 2.61220295e+14 9.43351224e+13 8.71547414e+13
  7.36488085e+14 2.78616113e+15 3.17329340e+15 1.11371339e+15
  2.61504137e+14 1.06122874e+13 1.54747145e+14 7.27206890e+13
  1.18392822e+13 7.90999424e+12 1.35158250e+13 1.57761112e+11]
 [4.44244127e+10 1.39016167e+12 1.32751832e+12 2.67800763e+12
  1.75167934e+13 5.61196815e+13 3.22462403e+13 3.20051661e+13
  1.62155891e+14 5.90678808e+14 7.00608095e+14 2.53753737e+14
  6.34946848e+13 1.42576697e+13 3.78538186e+13 1.56157418e+13
  2.29659601e+12 1.64753058e+12 3.18392654e+12 6.06426649e+10]
 [2.84530829e+10 1.58612256e+11 3.32261664e+10 1.93140032e+10
  1.68570110e+11 2.40527077e+12 1.04248567e+13 1.16317022e+13
  7.61815757e+12 6.24872099e+12 4.99740741e+12 6.71670082e+12
  8.08292381e+12 1.00373475e+13 3.75318123e+12 2.96063482e+11
  1.21394283e+10 2.15110039e+10 2.17069601e+11 2.79895438e+10]
 [2.03190111e+10 2.89722908e+11 4.80469185e+11 1.15952752e+12
  5.83407874e+12 1.81859942e+13 1.13326949e+13 1.25899064e+13
  5.98170650e+13 2.18545451e+14 3.05900757e+14 1.17251677e+14
  2.09539140e+13 3.51947509e+12 1.55510221e+13 6.26102792e+12
  6.00542626e+11 5.66148668e+11 1.41734644e+12 3.13974804e+10]
 [9.37979430e+09 1.18912980e+11 3.71178795e+11 1.06298810e+12
  4.56382215e+12 1.23949481e+13 6.90096470e+12 8.28054850e+12
  4.80300982e+13 1.69970753e+14 2.71019541e+14 1.10124900e+14
  1.45112367e+13 4.82991340e+11 1.27199703e+13 5.58107771e+12
  3.35268683e+11 4.18547433e+11 1.31220888e+12 3.41904130e+10]
 [1.24909523e+09 5.19291265e+09 4.00426201e+10 1.43829426e+11
  5.59022693e+11 1.08960865e+12 7.57822186e+11 1.05977297e+12
  5.83475755e+12 1.76954457e+13 3.35751847e+13 1.52923622e+13
  1.56718986e+12 1.57850963e+10 1.56312037e+12 7.68379916e+11
  1.99597542e+10 4.16233003e+10 1.90767566e+11 8.55283463e+09]
 [1.80283908e+09 2.58884005e+09 1.34480276e+10 6.49982393e+10
  2.68301362e+11 2.39183845e+11 2.72946402e+11 4.86898312e+11
  2.46302011e+12 5.21462997e+12 1.27114345e+13 6.95986455e+12
  5.87288122e+11 9.88544391e+09 6.09779808e+11 3.74412102e+11
  3.25885770e+09 1.23546073e+10 9.52183730e+10 7.96193099e+09]
 [3.42237208e+10 3.43526449e+10 2.88414505e+10 1.88746932e+11
  1.01175321e+12 1.94981693e+11 6.30392400e+11 1.68122117e+12
  7.41451471e+12 7.38529542e+12 2.66657854e+13 1.97607175e+13
  1.72749524e+12 5.83171900e+10 1.44109662e+12 1.24814776e+12
  2.41641329e+10 2.36229352e+10 3.13935384e+11 6.28462631e+10]
 [1.06641900e+11 2.87205030e+10 3.52721860e+09 2.02671780e+10
  1.63609827e+11 3.55240784e+10 1.88713513e+11 1.04250113e+12
  1.40187752e+12 2.87620823e+11 1.58899405e+12 2.39156874e+12
  6.31380662e+11 1.12991526e+10 2.33634781e+11 1.82198294e+11
  8.85844279e+09 2.94544106e+09 6.39902393e+10 1.08969506e+11]]