[[2.26970033e+12 5.41367247e+11 4.52370934e+10 1.94699508e+11
  1.52496615e+12 4.42439844e+11 3.62972521e+12 2.18618636e+13
  2.10040128e+13 3.02492123e+12 1.44346148e+13 2.56270225e+13
  1.03284926e+13 2.44963277e+11 4.09295782e+12 2.16944365e+12
  8.25029391e+10 2.84066030e+10 8.72286597e+11 2.23045075e+12]
 [1.01153443e+12 1.70519321e+11 3.66651735e+10 7.51770137e+10
  5.42897151e+10 4.14100169e+10 3.87765886e+12 2.00994101e+13
  1.50577720e+13 4.78340152e+12 4.00518142e+12 7.80780513e+11
  2.69063653e+12 2.06303288e+12 5.07018232e+12 1.26191577e+12
  7.22397144e+09 6.31504132e+08 1.36478581e+11 8.84785640e+11]
 [9.11720828e+10 5.20496178e+09 6.83511952e+09 1.44177204e+10
  3.94395000e+10 7.49251612e+10 1.02770002e+12 2.86796377e+12
  1.93881823e+12 1.55184585e+12 2.02225590e+12 1.34045282e+12
  6.15296633e+11 7.16641058e+11 8.42011468e+11 1.56403591e+11
  6.33283130e+08 1.87348738e+09 4.20936270e+10 8.44547959e+10]
 [8.12540074e+10 4.12671877e+09 1.12018055e+10 4.39146420e+10
  2.46418822e+11 8.99644609e+11 3.24357075e+12 3.02039155e+12
  1.95878566e+12 4.95124988e+12 1.25102491e+13 9.37137277e+12
  2.65839937e+12 1.61272129e+12 8.32332191e+11 2.09383546e+11
  6.47235428e+09 2.02836483e+10 1.91711113e+11 9.00745870e+10]
 [3.50158313e+11 1.55948187e+10 8.55376252e+10 5.83606455e+11
  4.31935332e+12 2.14544940e+13 4.55151760e+13 1.17411116e+13
  5.64295755e+12 7.12061689e+13 2.08510370e+14 1.45787822e+14
  4.57141555e+13 1.62619239e+13 8.11258891e+11 1.63910332e+12
  2.07824237e+11 4.41787930e+11 2.68642693e+12 4.47841777e+11]
 [4.58589558e+11 1.97628162e+11 3.37602898e+11 1.72721577e+12
  1.46505853e+13 8.13434230e+13 1.47913083e+14 4.33692350e+13
  2.75030886e+13 2.53587655e+14 6.28767625e+14 4.06931138e+14
  1.59516391e+14 6.23221945e+13 6.62678193e+12 5.33520768e+12
  1.00345016e+12 1.57997052e+12 7.40197640e+12 5.73887465e+11]
 [5.74828507e+11 3.01723014e+12 1.28166629e+12 2.46720762e+12
  1.88080959e+13 1.09794230e+14 2.49309505e+14 2.09576690e+14
  2.01381709e+14 5.05196342e+14 7.41507449e+14 4.28497412e+14
  2.41421187e+14 1.90753760e+14 7.71524067e+13 1.44706298e+13
  1.79739660e+12 1.98452678e+12 8.47766748e+12 6.08878205e+11]
 [1.11668611e+12 1.09739244e+13 3.03489504e+12 2.31697259e+12
  6.43639910e+12 4.72302126e+13 3.03439519e+14 5.07820206e+14
  5.70253048e+14 7.47690312e+14 3.42564994e+14 1.12556433e+14
  2.06565569e+14 4.04560068e+14 2.20255343e+14 2.90417559e+13
  1.63052059e+12 5.76368898e+11 4.09421656e+12 1.00478226e+12]
 [2.04696940e+12 1.75235565e+13 4.28566830e+12 2.87776295e+12
  5.70265448e+12 4.78509513e+13 3.91632913e+14 6.77325192e+14
  8.13691955e+14 1.00904424e+15 3.50387240e+14 8.18023292e+13
  2.61853655e+14 5.63916262e+14 3.01587181e+14 4.02019606e+13
  2.17522056e+12 4.42690017e+11 4.29524035e+12 1.81465283e+12]
 [2.61797190e+12 1.33027950e+13 3.73573173e+12 5.44809055e+12
  4.77088262e+13 2.72376533e+14 5.80309997e+14 5.18600251e+14
  6.13214186e+14 1.30927482e+15 1.48284772e+15 8.03821098e+14
  6.15336275e+14 5.33966831e+14 2.10662776e+14 3.91041727e+13
  5.55467509e+12 4.71075417e+12 1.70861518e+13 2.68779355e+12]
 [2.38615943e+12 3.42010720e+12 2.21839745e+12 8.06125498e+12
  9.73078630e+13 5.34206738e+14 7.40815087e+14 2.21384655e+14
  2.07596817e+14 1.47867095e+15 2.79826507e+15 1.66571445e+15
  9.88792943e+14 3.88548112e+14 5.00390415e+13 2.99472043e+13
  9.10603365e+12 9.78934623e+12 3.18524721e+13 2.92682061e+12]
 [1.69050025e+12 4.92891702e+11 1.53442667e+12 7.70019975e+12
  9.39188754e+13 5.17958189e+14 6.87871073e+14 1.21184059e+14
  7.89624715e+13 1.31751190e+15 2.80043359e+15 1.69284308e+15
  9.33976170e+14 2.99291848e+14 3.74530265e+12 2.35523958e+13
  8.39032015e+12 9.59248914e+12 3.16287245e+13 2.18221620e+12]
 [9.92028031e+11 3.91313993e+12 1.76230189e+12 4.63531537e+12
  4.57813091e+13 2.60042679e+14 4.45322036e+14 2.33474790e+14
  2.30323411e+14 8.91467286e+14 1.53746305e+15 9.06295197e+14
  5.13035686e+14 2.81418440e+14 7.61562300e+13 2.12573968e+13
  4.29560585e+12 4.75157702e+12 1.73490684e+13 1.13332001e+12]
 [6.06807485e+11 4.61203538e+12 1.62841514e+12 1.79224519e+12
  8.58446611e+12 5.39593957e+13 2.08640069e+14 2.92194872e+14
  2.94619373e+14 4.65669367e+14 3.89595334e+14 1.89427003e+14
  1.59541065e+14 2.24501002e+14 1.19172940e+14 1.66564924e+13
  1.15851259e+12 8.72236512e+11 4.54425333e+12 5.75903961e+11]
 [5.50040376e+11 1.91191423e+12 8.45337283e+11 6.30240877e+11
  3.07482388e+11 4.60767283e+12 8.43877191e+13 1.82508499e+14
  1.67176015e+14 1.95350835e+14 5.86622669e+13 2.83781013e+12
  4.21561459e+13 1.11752182e+14 7.40606094e+13 8.76490266e+12
  2.42129263e+11 7.13227949e+09 7.78782561e+11 4.79590466e+11]
 [4.07106855e+11 2.42116224e+11 1.99448108e+11 2.95850808e+11
  1.10021743e+12 6.01611128e+12 3.01574557e+13 4.93024420e+13
  3.88093291e+13 5.82072568e+13 6.39986999e+13 3.56666757e+13
  1.97538561e+13 2.71730291e+13 1.78068686e+13 2.52214404e+12
  8.62783805e+10 1.07302392e+11 8.47778143e+11 3.89120852e+11]
 [7.96566633e+10 3.16254312e+09 1.00234875e+10 4.76398448e+10
  2.84160174e+11 1.03009827e+12 3.41466969e+12 2.52909246e+12
  1.57138708e+12 5.08078631e+12 1.42231009e+13 1.08374656e+13
  2.93130785e+12 1.50643279e+12 6.30225346e+11 1.97735662e+11
  7.16461772e+09 2.34686872e+10 2.17466919e+11 9.17216445e+10]
 [7.67869424e+10 1.40027872e+08 2.62471753e+09 3.23522478e+10
  2.32368072e+11 3.79162231e+11 1.66167967e+12 5.56088642e+11
  2.01714675e+11 1.95840870e+12 8.93080143e+12 8.44026216e+12
  1.69377417e+12 4.00838805e+11 7.68193986e+09 9.59874817e+10
  1.83745911e+09 1.19403424e+10 1.78479212e+11 9.92876383e+10]
 [8.56692420e+11 2.88429667e+10 1.63118771e+10 1.93666543e+11
  1.70674570e+12 5.94656521e+11 6.54367320e+12 5.91720098e+12
  3.40650181e+12 6.09097864e+12 3.69806462e+13 4.62425556e+13
  9.41304161e+12 1.22084384e+12 7.91832463e+11 8.06390205e+11
  2.75460847e+10 4.42792997e+10 1.12952152e+12 1.04444672e+12]
 [2.23045075e+12 4.73532045e+11 4.19041594e+10 2.15835234e+11
  1.95038508e+12 5.53677413e+11 3.84473029e+12 1.96710719e+13
  1.86202058e+13 3.10559627e+12 1.77052411e+13 3.30811567e+13
  1.17995530e+13 2.32487774e+11 3.56872629e+12 2.07359751e+12
  9.49990237e+10 3.67305226e+10 1.06345855e+12 2.27092188e+12]]