[[8.30002642e+11 1.99562432e+11 1.59583802e+10 6.40422870e+10
  4.84424350e+11 1.47437804e+11 1.30224833e+12 8.08887109e+12
  7.57928065e+12 1.02310725e+12 4.60701492e+12 8.30944138e+12
  3.60811290e+12 9.01540365e+10 1.50084627e+12 7.54936365e+11
  2.67976001e+10 9.05429501e+09 2.95406331e+11 8.09026197e+11]
 [3.40294965e+11 4.55278578e+10 1.00637175e+10 3.16668396e+10
  1.43220555e+11 6.06960476e+10 1.59687695e+12 5.67975020e+12
  3.96242233e+12 1.57256418e+12 3.68062567e+12 3.94591355e+12
  1.52781129e+12 6.44622249e+11 1.33415947e+12 3.61413089e+11
  3.69647529e+09 3.59911127e+09 1.31965670e+11 3.24514804e+11]
 [4.84898652e+10 9.73923008e+08 3.44869373e+09 2.38007425e+10
  1.43261438e+11 2.15398066e+11 9.54470337e+11 6.73820865e+11
  5.83247868e+11 1.65242975e+12 5.80717584e+12 4.91605308e+12
  9.49561258e+11 2.83230315e+11 1.69283039e+11 1.02801579e+11
  1.28570551e+09 7.20047774e+09 1.00522721e+11 5.90817894e+10]
 [6.64961004e+10 3.67249636e+08 1.23937755e+10 8.37154578e+10
  4.98714285e+11 1.60763850e+12 3.84717703e+12 7.16516943e+11
  1.12878875e+12 8.40918812e+12 2.53858804e+13 1.79756376e+13
  3.93025668e+12 9.81882525e+11 1.37242058e+11 2.82210321e+11
  1.27496433e+10 4.05732977e+10 3.25530971e+11 9.04783687e+10]
 [3.31884338e+11 1.56387711e+09 1.68797848e+11 9.46041107e+11
  6.25801964e+12 2.79209320e+13 4.97340189e+13 5.79648701e+12
  1.25768806e+13 1.22589845e+14 3.14772090e+14 1.98527271e+14
  5.44705095e+13 1.36437574e+13 8.92874391e+11 3.06119652e+12
  3.28184822e+11 6.26910120e+11 3.40468049e+12 4.59430336e+11]
 [3.45859439e+11 1.79333860e+11 4.77990630e+11 2.00526424e+12
  1.51819732e+13 7.62646482e+13 1.21083038e+14 2.88953320e+13
  4.30186602e+13 3.13352144e+14 6.78736712e+14 3.97475178e+14
  1.39008926e+14 4.46740846e+13 8.48521632e+12 7.16200209e+12
  1.13397837e+12 1.60454520e+12 6.78250962e+12 4.51584769e+11]
 [2.57013894e+11 1.30408689e+12 6.52023191e+11 1.39585096e+12
  1.06521629e+13 5.82377716e+13 1.17464822e+14 8.92852549e+13
  9.53507291e+13 2.78183478e+14 4.23773334e+14 2.34890793e+14
  1.19842287e+14 8.33405729e+13 3.41581336e+13 7.60196719e+12
  1.02420664e+12 1.11421741e+12 4.40573394e+12 2.79041179e+11]
 [3.54447893e+11 3.31290281e+12 8.00370758e+11 4.23641641e+11
  1.48234986e+11 9.78924814e+12 9.51519743e+13 1.57892901e+14
  1.60800167e+14 1.66983162e+14 3.03746135e+13 1.02206010e+13
  6.11396669e+13 1.28011907e+14 6.51922371e+13 7.31997363e+12
  2.53532918e+11 8.43336931e+09 1.02257263e+12 3.18231559e+11]
 [8.86828086e+11 3.83680140e+12 1.61686953e+12 3.49660521e+12
  3.34306437e+13 1.75273619e+14 2.80948136e+14 1.69422470e+14
  2.19943756e+14 7.35399680e+14 1.06510851e+15 5.73394930e+14
  3.37610079e+14 1.95499833e+14 6.73508297e+13 1.86709224e+13
  3.53801660e+12 3.33597161e+12 1.08263481e+13 9.92292835e+11]
 [1.85198642e+12 1.76667932e+12 3.03047604e+12 1.04275607e+13
  1.15151084e+14 5.69559917e+14 6.59499248e+14 1.16912239e+14
  2.53317258e+14 1.97824408e+15 3.43193004e+15 1.85860655e+15
  9.62338615e+14 2.71974546e+14 3.64822236e+13 4.10175960e+13
  1.15677341e+13 1.13646147e+13 3.30495639e+13 2.44718185e+12]
 [2.22545123e+12 4.18544776e+10 3.70610707e+12 1.42093078e+13
  1.59553621e+14 7.83410100e+14 8.58470985e+14 7.32785074e+13
  2.51587733e+14 2.64057832e+15 4.74082075e+15 2.57109346e+15
  1.29554662e+15 2.98588506e+14 1.28504357e+13 5.23978670e+13
  1.58626140e+13 1.57510872e+13 4.52299284e+13 3.08562452e+12]
 [1.46112283e+12 8.64440625e+11 2.84192866e+12 1.04755905e+13
  1.12404436e+14 5.59234358e+14 6.48182731e+14 8.77763074e+13
  2.16810919e+14 1.94149984e+15 3.50299858e+15 1.90516694e+15
  9.37295731e+14 2.43930349e+14 2.35308045e+13 3.93629846e+13
  1.10543251e+13 1.12388198e+13 3.33730486e+13 1.97405673e+12]
 [5.55280080e+11 2.08058456e+12 1.36702468e+12 3.77872557e+12
  3.53709721e+13 1.83604126e+14 2.71038053e+14 1.17616703e+14
  1.59350730e+14 7.29147213e+14 1.21934400e+15 6.66367299e+14
  3.34580487e+14 1.50548802e+14 4.39916363e+13 1.69943671e+13
  3.47658714e+12 3.61463671e+12 1.19561650e+13 6.61556643e+11]
 [2.05493703e+11 1.58242814e+12 4.97624595e+11 4.19051660e+11
  1.49966456e+12 1.26345928e+13 6.70485502e+13 1.01414294e+14
  9.57482882e+13 1.23634081e+14 7.36072854e+13 3.72624714e+13
  4.67866558e+13 7.71642859e+13 4.03404100e+13 4.88537937e+12
  2.51564261e+11 1.53512040e+11 1.16115998e+12 1.90966781e+11]
 [1.98526286e+11 4.78528092e+11 2.51909197e+11 4.17732465e+11
  2.34159961e+12 1.35906177e+13 4.23331860e+13 4.93221377e+13
  4.36142162e+13 8.56477640e+13 1.11460019e+14 6.34301312e+13
  3.42969821e+13 3.56276034e+13 1.84064270e+13 2.89958067e+12
  2.13265409e+11 2.46056155e+11 1.31920434e+12 1.99716938e+11]
 [2.40136572e+11 4.10986428e+10 1.18076357e+11 5.29603833e+11
  3.37615316e+12 1.53116115e+13 3.06956675e+13 1.13108040e+13
  1.27182998e+13 7.17644529e+13 1.70977436e+14 1.07495272e+14
  3.13080372e+13 1.16468500e+13 3.39335569e+12 1.96375440e+12
  1.81191819e+11 3.38008866e+11 1.88802556e+12 3.02586405e+11]
 [6.90695245e+10 1.98972124e+08 1.29184511e+10 8.91065364e+10
  5.32501468e+11 1.71418671e+12 4.05928154e+12 6.44390133e+11
  1.12713691e+12 8.91567205e+12 2.70902337e+13 1.91875879e+13
  4.17375291e+12 1.00133503e+12 1.07507062e+11 2.96686300e+11
  1.35868408e+10 4.33242739e+10 3.46776284e+11 9.48776688e+10]
 [7.16652522e+10 8.99404329e+07 5.32348051e+09 4.97554223e+10
  3.15976851e+11 4.63884115e+11 1.74038955e+12 3.34418291e+11
  5.75840975e+11 3.24207940e+12 1.26814436e+13 1.07851333e+13
  1.91180771e+12 3.41027197e+11 4.65321982e+10 1.77886658e+11
  2.74199080e+09 1.58954038e+10 2.13023745e+11 9.87003975e+10]
 [5.89755405e+11 2.08010931e+10 1.91265316e+10 2.03143775e+11
  1.62254845e+12 5.12560898e+11 4.90182825e+12 3.59768348e+12
  3.91274210e+12 6.68515507e+12 3.64924776e+13 4.15270359e+13
  7.52572057e+12 7.98756363e+11 7.04706686e+11 9.27539800e+11
  2.82732774e+10 4.12985077e+10 9.51101702e+11 7.50970482e+11]
 [8.93236237e+11 1.87723158e+11 1.74424525e+10 9.46297124e+10
  8.65272067e+11 2.38291243e+11 1.56878152e+12 7.76724457e+12
  7.56911626e+12 1.33854446e+12 7.86141352e+12 1.44714254e+13
  4.92063229e+12 9.24372538e+10 1.42371863e+12 8.74053849e+11
  4.19098964e+10 1.62438160e+10 4.53099244e+11 9.17124803e+11]]