[[1.91529999e+12 3.92990449e+11 3.08054438e+10 1.45546024e+11
  1.35283612e+12 4.25181852e+11 3.24326391e+12 1.67839903e+13
  1.44200962e+13 2.14073447e+12 1.19874210e+13 2.43083597e+13
  9.64748806e+12 2.00169160e+11 2.90100484e+12 1.48662432e+12
  6.38309592e+10 2.59268754e+10 8.35316528e+11 1.93712173e+12]
 [9.18113160e+11 5.43598512e+10 1.61745882e+09 9.31471586e+09
  3.73992766e+11 2.62464917e+11 5.32406773e+12 9.96839255e+12
  1.93152619e+12 3.13341263e+10 5.39750305e+12 1.59047018e+13
  5.96366347e+12 1.52667494e+12 1.24167249e+12 1.97198181e+10
  2.17568631e+09 1.14870824e+10 5.63956917e+11 9.76108022e+11]
 [7.36016274e+10 3.26344079e+09 4.58645713e+09 1.45153813e+10
  6.78846707e+10 1.21579586e+11 9.90737302e+11 1.91779590e+12
  1.21567874e+12 1.28102684e+12 2.87906947e+12 2.46554076e+12
  7.30381781e+11 5.36260915e+11 5.20828042e+11 1.11068320e+11
  7.16179359e+08 3.42135081e+09 6.19027167e+10 7.39315335e+10]
 [4.94302791e+10 9.89759121e+09 3.22168902e+10 7.43967562e+10
  2.00456424e+11 2.89438595e+11 1.05876607e+12 4.69262080e+12
  6.02512148e+12 1.07124142e+13 1.39113398e+13 4.43198237e+12
  6.27990882e+11 1.38086732e+12 2.29909521e+12 5.56027622e+11
  9.56074859e+09 1.38492027e+10 5.17605811e+10 3.99004367e+10]
 [1.66549659e+11 3.86928826e+11 5.68285087e+11 1.04584055e+12
  2.80333421e+12 2.88251160e+12 3.17337735e+12 5.36422529e+13
  9.22571237e+13 1.97459210e+14 2.04722038e+14 4.32352111e+13
  2.46002334e+11 1.68377424e+13 3.32399760e+13 7.73079934e+12
  3.02505289e+11 2.26318458e+11 1.92510701e+11 9.41528465e+10]
 [2.58462115e+11 2.09337162e+12 1.73709813e+12 2.73732775e+12
  8.99080379e+12 1.48718945e+13 2.66694064e+13 1.49471292e+14
  2.68806677e+14 6.04899940e+14 5.65085303e+14 1.28169618e+14
  1.52838662e+13 6.46407864e+13 9.28825167e+13 2.05453194e+13
  1.30656836e+12 7.85191610e+11 9.98724274e+11 1.83770779e+11]
 [4.45659726e+11 3.93543322e+12 1.83413439e+12 2.62672242e+12
  1.34402137e+13 5.95354043e+13 1.58254271e+14 2.28595523e+14
  2.95843507e+14 6.20744251e+14 6.20045990e+14 2.50814842e+14
  1.34589609e+14 1.66364228e+14 1.07187052e+14 1.99027376e+13
  1.76521619e+12 1.31503141e+12 4.53894300e+12 4.25809536e+11]
 [1.00810193e+12 4.11607201e+12 3.85263890e+11 5.75889070e+11
  1.33179242e+13 1.37302444e+14 3.82107634e+14 2.74649558e+14
  1.12895567e+14 9.03901780e+13 3.29432199e+14 3.85591650e+14
  3.65659970e+14 3.07590147e+14 6.72948383e+13 3.12904831e+12
  6.44068392e+11 1.58830195e+12 1.01753707e+13 1.06465432e+12]
 [1.76984082e+12 7.35363990e+12 1.17383868e+12 1.57901697e+12
  2.15907927e+13 1.85130066e+14 4.78590831e+14 3.71076278e+14
  2.46313518e+14 3.46837651e+14 5.73931606e+14 4.97737367e+14
  4.78343505e+14 4.14168488e+14 1.11659754e+14 1.11826581e+13
  1.65867732e+12 2.38034819e+12 1.26492071e+13 1.84387571e+12]
 [1.80871919e+12 1.77538675e+13 6.54494943e+12 8.26019238e+12
  4.67917415e+13 1.52927913e+14 3.15556883e+14 5.48218065e+14
  1.01970096e+15 2.19171980e+15 1.77760751e+15 5.58068752e+14
  3.00023998e+14 4.27143791e+14 3.08921963e+14 6.85240510e+13
  7.85668359e+12 4.12019746e+12 8.83262481e+12 1.63596670e+12]
 [1.20966539e+12 2.62027899e+13 1.15465314e+13 1.44938896e+13
  6.72400387e+13 9.04594314e+13 9.17845205e+13 6.73472205e+14
  1.72736392e+15 3.92026299e+15 2.86634769e+15 5.54288670e+14
  4.80419581e+13 3.75772754e+14 4.84540014e+14 1.22168790e+14
  1.35128437e+13 5.40649520e+12 3.43468721e+12 7.71935053e+11]
 [8.48647080e+11 2.19135215e+13 1.02427436e+13 1.30829278e+13
  5.79598760e+13 7.29700300e+13 6.55826626e+13 6.05448163e+14
  1.52816405e+15 3.49448742e+15 2.60177767e+15 4.90671683e+14
  2.48429612e+13 3.20686502e+14 4.37305339e+14 1.08721660e+14
  1.15573113e+13 4.69779480e+12 2.65724983e+12 5.15212809e+11]
 [6.85958370e+11 1.01524885e+13 4.58010675e+12 6.10628992e+12
  2.95387314e+13 8.65288075e+13 1.84298418e+14 3.90265629e+14
  7.05955999e+14 1.55751173e+15 1.31842137e+15 3.82110480e+14
  1.58875698e+14 2.64088779e+14 2.24845685e+14 4.87325593e+13
  4.88868316e+12 2.64579204e+12 5.32996158e+12 6.00017857e+11]
 [5.28300354e+11 2.57199992e+12 6.91147777e+11 1.01660125e+12
  9.22529674e+12 7.28566991e+13 2.14954627e+14 1.93778139e+14
  1.33175815e+14 2.17405134e+14 3.28776564e+14 2.51863354e+14
  1.89836501e+14 1.78285876e+14 6.12438788e+13 7.09718630e+12
  7.47681568e+11 1.03331229e+12 5.97683164e+12 5.45004370e+11]
 [4.94790902e+11 6.27791594e+11 6.34556427e+10 1.20496908e+11
  3.07754315e+12 3.31798120e+13 1.15234952e+14 9.08345003e+13
  2.51254062e+13 1.06427937e+13 9.32224324e+13 1.29941886e+14
  9.44702256e+13 8.21025669e+13 1.91537036e+13 4.52960904e+11
  9.40315673e+10 3.86825634e+11 3.41988177e+12 5.24634242e+11]
 [3.13717067e+11 1.93270804e+11 1.92802494e+11 3.59400176e+11
  1.47617442e+12 6.56586175e+12 2.45847442e+13 3.78129619e+13
  3.43931997e+13 6.48163844e+13 8.51131091e+13 4.37181791e+13
  1.77621689e+13 2.06922310e+13 1.46578166e+13 2.55763642e+12
  1.08922238e+11 1.41600491e+11 8.64642364e+11 3.06416419e+11]
 [4.53023948e+10 1.07218857e+10 3.61009744e+10 8.32832181e+10
  2.16016128e+11 2.58314447e+11 8.20224013e+11 4.89966662e+12
  6.70099892e+12 1.20342232e+13 1.53290272e+13 4.42555240e+12
  4.43851617e+11 1.34331954e+12 2.52006884e+12 6.24265024e+11
  1.06632993e+10 1.46559043e+10 4.23453561e+10 3.39466765e+10]
 [3.64272985e+10 7.59356171e+09 1.84651856e+10 5.72981512e+10
  1.47423731e+11 4.89935080e+10 1.06858009e+11 2.89207833e+12
  4.24632766e+12 5.42965440e+12 8.59711102e+12 2.43440250e+12
  2.70172368e+09 4.24699697e+11 1.43304270e+12 4.65007119e+11
  2.63404038e+09 5.97106787e+09 1.20459571e+10 2.03139835e+10]
 [5.17967764e+11 1.75482014e+11 6.87079347e+10 2.91971190e+11
  1.05525420e+12 1.30469187e+11 1.60717422e+12 1.59451328e+13
  2.22589897e+13 1.33740448e+13 3.26905240e+13 1.57053161e+13
  1.42786190e+12 1.22916080e+12 5.91940870e+12 2.68834868e+12
  3.45422090e+10 2.25421269e+10 2.00942726e+11 3.98967387e+11]
 [1.81387056e+12 4.50984222e+11 4.17917787e+10 1.95965246e+11
  1.52822446e+12 3.98642355e+11 2.94350897e+12 1.77072452e+13
  1.85790206e+13 2.96395455e+12 1.46944419e+13 2.42756675e+13
  8.65492095e+12 1.95762027e+11 3.47417369e+12 2.04812469e+12
  8.37331613e+10 2.80351445e+10 7.65432208e+11 1.79082728e+12]]