[[1.66846547e+12 3.49056212e+11 2.67134769e+10 1.19858295e+11
  1.08795994e+12 3.49682094e+11 2.78227156e+12 1.48575485e+13
  1.26943000e+13 1.79917416e+12 9.67314310e+12 1.97315568e+13
  8.13611501e+12 1.75540031e+11 2.57396602e+12 1.27636044e+12
  5.21070161e+10 2.08796493e+10 6.92588942e+11 1.67556355e+12]
 [2.29283580e+12 1.89098409e+11 1.82343493e+10 3.06337515e+10
  6.05789839e+11 4.99613853e+11 1.21942618e+13 2.94816577e+13
  1.05548224e+13 1.52120966e+12 8.72538931e+12 2.82483500e+13
  1.26497414e+13 4.01186380e+12 4.84180684e+12 5.22258522e+11
  4.55878230e+09 1.91169446e+10 1.11321474e+12 2.33413667e+12]
 [3.12143316e+11 9.42510460e+09 3.86987246e+09 4.00841115e+08
  8.26421336e+10 3.90481687e+11 4.25809286e+12 6.90637841e+12
  1.96365201e+12 1.35490297e+11 1.58041427e+12 6.02137952e+12
  2.96383697e+12 2.19545179e+12 1.28339588e+12 5.76915686e+10
  8.87352705e+07 5.55011872e+09 2.20052626e+11 3.18374529e+11]
 [2.68826184e+11 1.41136872e+10 9.40265189e+09 3.51660135e+09
  1.34269092e+11 1.30984873e+12 8.90783429e+12 1.14457610e+13
  3.56152806e+12 7.18874814e+11 3.62771386e+12 9.84160118e+12
  5.82241923e+12 5.73754357e+12 2.46371658e+12 1.04525134e+11
  7.77301956e+08 1.42423917e+10 3.23934260e+11 2.74046592e+11]
 [6.15846427e+11 2.39653141e+11 1.13795534e+11 1.44150269e+11
  1.16867652e+12 1.07205815e+13 5.11158611e+13 5.89602329e+13
  2.76651395e+13 2.66539992e+13 4.80414001e+13 5.59920328e+13
  3.58874037e+13 3.82319954e+13 1.58346201e+13 1.30002217e+12
  4.70531635e+10 1.33490110e+11 1.55239624e+12 6.24830285e+11]
 [9.68725588e+10 4.58261342e+11 3.93961728e+11 7.27352419e+11
  3.19907740e+12 1.04876001e+13 1.92049314e+13 3.55052921e+13
  5.88190831e+13 1.49259468e+14 1.74664346e+14 6.35823777e+13
  1.77746390e+13 1.94013536e+13 2.01084704e+13 4.77794559e+12
  3.63264706e+11 3.06608574e+11 8.81662908e+11 9.16226587e+10]
 [1.61959255e+11 1.59302444e+12 8.85317241e+11 1.43285429e+12
  7.63292825e+12 2.99466893e+13 6.04288825e+13 8.65049253e+13
  1.33748304e+14 3.25102225e+14 3.51126282e+14 1.35996933e+14
  5.70501972e+13 6.04934157e+13 4.50772185e+13 9.90278679e+12
  9.78846611e+11 7.41009286e+11 2.16518414e+12 1.57156240e+11]
 [1.83383905e+12 9.92916034e+12 1.55560921e+12 1.29314096e+12
  1.79451379e+13 1.98088812e+14 6.43082349e+14 5.80219021e+14
  3.62481731e+14 3.32636859e+14 4.74470612e+14 5.31820728e+14
  5.75339963e+14 5.85745296e+14 1.76628147e+14 1.36316040e+13
  1.16769951e+12 2.13566407e+12 1.50894286e+13 1.86242029e+12]
 [6.29229391e+12 2.60354267e+13 2.22767541e+12 3.58459281e+11
  3.22522559e+13 4.93783162e+14 1.61791447e+15 1.35666466e+15
  6.98443026e+14 1.50260734e+14 5.17287961e+14 1.12732756e+15
  1.50357009e+15 1.49772343e+15 3.78333500e+14 1.48349333e+13
  6.22216125e+11 4.23402794e+12 3.60017029e+13 6.41552967e+12]
 [9.28181875e+12 3.39905342e+13 2.60894062e+12 1.63163913e+11
  3.95254100e+13 6.20724732e+14 1.98909851e+15 1.63941807e+15
  8.50833582e+14 1.17983774e+14 5.67704711e+14 1.35203617e+15
  1.89403156e+15 1.86570485e+15 4.57068012e+14 1.65297763e+13
  5.36753132e+11 5.19396474e+12 4.39886402e+13 9.46652551e+12]
 [5.94530053e+12 2.31160489e+13 2.52592880e+12 1.43755573e+12
  3.30431127e+13 4.12528393e+14 1.27091950e+15 1.07514392e+15
  6.59370413e+14 4.08022868e+14 6.62881011e+14 9.43031906e+14
  1.21816518e+15 1.20099677e+15 3.20382583e+14 2.00895481e+13
  1.63981686e+12 3.98450198e+12 2.87946245e+13 6.04957829e+12]
 [1.16156984e+12 7.29561438e+12 2.07715777e+12 2.71027225e+12
  2.07229235e+13 1.19973709e+14 2.92398697e+14 3.00811360e+14
  3.51629389e+14 6.78417331e+14 6.94559720e+14 3.62821694e+14
  2.87190638e+14 2.88126841e+14 1.24880018e+14 2.13074523e+13
  2.55264663e+12 2.05501038e+12 7.87652478e+12 1.16112608e+12]
 [3.96130788e+10 2.15977621e+12 1.48598693e+12 2.42375373e+12
  1.28029935e+13 2.88693115e+13 8.22992626e+12 5.93646979e+13
  2.02025078e+14 5.78810985e+14 5.60926805e+14 1.55158658e+14
  2.07030567e+13 2.28656614e+13 5.40046185e+13 1.66577739e+13
  1.99548381e+12 1.14134149e+12 1.45065989e+12 2.49433090e+10]
 [6.22238386e+11 3.34787965e+12 9.04287518e+11 1.10368763e+12
  8.96909549e+12 7.43441956e+13 2.42404015e+14 2.43358421e+14
  1.77759188e+14 2.57424360e+14 3.25663875e+14 2.49445790e+14
  2.05233446e+14 2.14751854e+14 8.08352875e+13 9.05303261e+12
  7.80407122e+11 1.00590035e+12 6.21252670e+12 6.28530706e+11]
 [1.41314050e+12 2.34458813e+12 4.21739360e+11 1.92378113e+11
  5.07363515e+12 7.15046330e+13 3.03448771e+14 2.99666028e+14
  1.24748757e+14 4.95467123e+13 1.33414686e+14 2.55341476e+14
  2.30168343e+14 2.45345527e+14 7.74924034e+13 3.44465152e+12
  1.26795915e+11 6.81178781e+11 7.69669261e+12 1.43962011e+12]
 [1.43551696e+12 4.88907570e+11 1.20027461e+11 3.81717800e+09
  1.58939832e+12 2.29965325e+13 1.19833884e+14 1.30271726e+14
  4.33206293e+13 4.39733516e+12 3.75853375e+13 1.08249099e+14
  8.28692769e+13 8.81065909e+13 3.02973159e+13 9.56740045e+11
  9.30061834e+09 2.13147581e+11 3.44430011e+12 1.46425952e+12]
 [2.45835325e+11 1.30527497e+10 9.33818731e+09 5.33331366e+09
  1.29336523e+11 1.20611748e+12 8.14225316e+12 1.05130125e+13
  3.37866468e+12 9.40666370e+11 3.75164631e+12 9.14587911e+12
  5.32852078e+12 5.25169947e+12 2.29173041e+12 1.09053249e+11
  9.92321269e+08 1.34838771e+10 2.97432457e+11 2.50501524e+11]
 [1.05095423e+11 3.85186879e+09 3.63952564e+09 9.14717745e+09
  5.74275234e+10 1.48565197e+11 1.42135490e+12 2.51720298e+12
  1.14368872e+12 8.31604916e+11 2.08027829e+12 2.65222458e+12
  1.01205305e+12 7.51921606e+11 5.73409346e+11 8.11783335e+10
  4.62756315e+08 3.15270502e+09 7.97167335e+10 1.06335609e+11]
 [6.41671492e+10 3.32038310e+10 1.71208411e+10 8.84188970e+10
  3.89823728e+11 5.96955607e+10 2.65197498e+11 2.55623995e+12
  5.05508475e+12 3.76003584e+12 1.11113110e+13 6.67484615e+12
  4.83811479e+11 1.62222788e+11 1.20107413e+12 6.99344106e+11
  1.08708979e+10 8.72225593e+09 9.14090529e+10 5.17444816e+10]
 [1.10353930e+12 2.74413269e+11 2.65311355e+10 1.30165797e+11
  1.03236023e+12 2.61230669e+11 1.82023272e+12 1.06982541e+13
  1.15690739e+13 1.93730551e+12 9.90978747e+12 1.61942599e+13
  5.47385087e+12 1.18514583e+11 2.12786251e+12 1.31362063e+12
  5.59883413e+10 1.88973143e+10 4.95879838e+11 1.09701946e+12]]