[[2.66671651e+12 5.83840065e+11 4.59696179e+10 2.01964713e+11
  1.73814002e+12 5.42596241e+11 4.38115955e+12 2.44039121e+13
  2.16989191e+13 3.07694994e+12 1.57853703e+13 3.08091900e+13
  1.26784363e+13 2.83076159e+11 4.34214405e+12 2.19691666e+12
  8.69155025e+10 3.30450634e+10 1.07433038e+12 2.65764951e+12]
 [1.80315027e+12 1.79854555e+11 2.13308004e+10 1.65789457e+10
  2.07931273e+11 2.83960574e+11 8.87608408e+12 2.59577048e+13
  1.13979062e+13 1.62053872e+12 2.20131389e+12 1.38405389e+13
  8.45429743e+12 3.27902863e+12 4.80226887e+12 6.25144442e+11
  1.49337413e+09 7.58439141e+09 6.72830959e+11 1.76945782e+12]
 [1.58680471e+11 6.17565964e+09 4.63194871e+09 4.56890869e+09
  3.20386950e+10 1.55929357e+11 2.00784555e+12 4.02312341e+12
  1.69217175e+12 6.53033297e+11 8.65530608e+11 2.28149451e+12
  1.30410468e+12 1.16459516e+12 9.07334654e+11 9.11403901e+10
  1.93731182e+08 2.07314791e+09 9.07119322e+10 1.55924395e+11]
 [8.44825561e+10 6.94016302e+09 1.64068137e+10 4.12242483e+10
  1.72545278e+11 5.97328549e+11 2.78165626e+12 4.35413648e+12
  3.29104036e+12 5.50798917e+12 9.59012545e+12 6.15147609e+12
  1.97608464e+12 1.87627789e+12 1.44860949e+12 2.79946544e+11
  5.62376107e+09 1.37512581e+10 1.30490804e+11 8.48839370e+10]
 [6.82523731e+10 1.09771804e+11 2.70235786e+11 7.45841539e+11
  3.22379382e+12 9.39046099e+12 9.57516471e+12 1.21774725e+13
  3.65496946e+13 1.20159270e+14 1.90102297e+14 7.99999755e+13
  1.31683564e+13 4.28987796e+12 1.06550789e+13 4.00902828e+12
  2.34889488e+11 2.97605007e+11 1.03199302e+12 8.44202493e+10]
 [4.36334187e+10 6.02645422e+11 9.94797138e+11 2.39907134e+12
  1.20723024e+13 3.76824232e+13 2.37623964e+13 2.64280734e+13
  1.23955023e+14 4.52237079e+14 6.32907364e+14 2.42755857e+14
  4.35710193e+13 7.56977238e+12 3.22856221e+13 1.29599312e+13
  1.24249198e+12 1.17166345e+12 2.93894982e+12 6.65228118e+10]
 [4.75628055e+11 3.53248856e+12 1.78105279e+12 3.03841376e+12
  1.85923849e+13 8.86143378e+13 1.92091325e+14 2.11954779e+14
  2.73075469e+14 6.66907203e+14 8.02358574e+14 3.71680279e+14
  1.83403583e+14 1.67389277e+14 9.62823920e+13 1.99573734e+13
  2.12256018e+12 1.87328019e+12 6.64652109e+12 4.83168609e+11]
 [1.79351135e+12 1.14446876e+13 2.07485124e+12 1.28630973e+12
  1.18802889e+13 1.52468041e+14 5.89522234e+14 6.25906497e+14
  4.61290390e+14 4.14388940e+14 3.30273949e+14 3.80322082e+14
  4.93350591e+14 5.92216050e+14 2.10756114e+14 1.82730765e+13
  1.00221864e+12 1.43579778e+12 1.20611982e+13 1.76565736e+12]
 [3.77516613e+12 1.95169471e+13 2.47236733e+12 3.14630109e+11
  7.99738112e+12 2.13154487e+14 8.94954326e+14 9.23900171e+14
  6.35959594e+14 2.80028268e+14 7.16166980e+13 4.19110691e+14
  7.62618574e+14 9.37041380e+14 3.00373200e+14 1.90180199e+13
  1.27557530e+11 1.25400951e+12 1.65191937e+13 3.70199937e+12]
 [3.61002856e+12 1.85614088e+13 3.87881038e+12 3.92379664e+12
  3.33488579e+13 2.53879935e+14 7.37611302e+14 7.48073801e+14
  7.37762703e+14 1.06826308e+15 9.95260696e+14 6.56441545e+14
  7.00047187e+14 7.56598982e+14 2.82997882e+14 3.73463997e+13
  3.83518967e+12 3.43813856e+12 1.70809901e+13 3.57878296e+12]
 [1.16523428e+12 1.02513101e+13 5.43665994e+12 9.46963163e+12
  7.04756956e+13 2.59062867e+14 2.92979204e+14 2.90628791e+14
  7.32788753e+14 2.22555002e+15 2.41769031e+15 9.41568218e+14
  3.97801708e+14 2.42877148e+14 1.91388529e+14 6.11107412e+13
  9.56367701e+12 6.50234156e+12 1.43532220e+13 1.24162369e+12]
 [1.56887407e+10 5.19629803e+12 5.29707156e+12 1.05491329e+13
  7.40307062e+13 2.22460265e+14 7.43137145e+13 6.79424453e+13
  6.26949852e+14 2.38742946e+15 2.72098003e+15 9.52066056e+14
  2.18657228e+14 2.20066440e+12 1.30503525e+14 6.22272926e+13
  1.01527686e+13 6.77460292e+12 1.14699054e+13 1.08037489e+11]
 [4.78813488e+11 5.50745501e+12 3.38142468e+12 6.20645418e+12
  4.13315077e+13 1.56680666e+14 1.96478492e+14 2.03661019e+14
  4.57121946e+14 1.39664998e+15 1.62237974e+15 6.42902239e+14
  2.45318583e+14 1.57192666e+14 1.28571333e+14 3.84751956e+13
  5.30111071e+12 3.95493795e+12 9.61264211e+12 5.08840656e+11]
 [8.12892144e+11 4.87351937e+12 1.42504519e+12 1.60596267e+12
  1.09395942e+13 8.75090866e+13 3.04754024e+14 3.39112559e+14
  2.74218812e+14 3.96865299e+14 4.21817590e+14 2.92592362e+14
  2.49670700e+14 2.86608420e+14 1.20248177e+14 1.42845805e+13
  1.09201400e+12 1.20217230e+12 7.37313691e+12 8.05584242e+11]
 [1.00811319e+12 2.04414460e+12 4.73505424e+11 7.09967410e+10
  1.33592338e+12 3.61634381e+13 1.99740716e+14 2.40577542e+14
  1.25667785e+14 5.43725411e+13 1.64226079e+13 1.09075994e+14
  1.38552865e+14 1.82191473e+14 7.07455003e+13 4.05912046e+12
  1.44500788e+10 2.22680819e+11 4.16244606e+12 9.88540200e+11]
 [6.68856260e+11 3.00247843e+11 1.53283710e+11 1.35146966e+11
  8.14143473e+11 9.08485803e+12 5.21192076e+13 6.99881776e+13
  3.69564027e+13 3.13528046e+13 3.38342664e+13 4.35703223e+13
  3.41785132e+13 4.28356237e+13 2.03482715e+13 1.71734390e+12
  3.88310264e+10 9.57908870e+10 1.37164484e+12 6.58581829e+11]
 [6.76362763e+10 6.12941245e+09 1.76165947e+10 4.91301266e+10
  2.00796170e+11 5.99910880e+11 2.30767701e+12 3.59797724e+12
  3.28628982e+12 6.39296115e+12 1.14423218e+13 6.63648061e+12
  1.75521470e+12 1.50079167e+12 1.33334087e+12 3.10175360e+11
  6.74041044e+09 1.56729730e+10 1.25732959e+11 6.87793349e+10]
 [6.96857542e+09 1.91668665e+09 8.95477524e+09 4.26307805e+10
  1.76453350e+11 1.61951734e+11 2.51591559e+11 4.64912612e+11
  1.67087023e+12 3.43060492e+12 8.33610240e+12 4.63021317e+12
  4.31272603e+11 4.89580938e+10 4.31487246e+11 2.47933445e+11
  2.13611653e+09 8.14705321e+09 6.55175539e+10 1.08917981e+10]
 [1.70119678e+11 6.07225426e+10 4.22275627e+10 2.68045470e+11
  1.44485984e+12 2.94912095e+11 1.49067624e+12 4.12984361e+12
  1.12550305e+13 1.05536941e+13 3.78594095e+13 2.88799455e+13
  3.01372903e+12 3.03820866e+11 2.36217582e+12 1.80733321e+12
  3.42737782e+10 3.39195852e+10 4.89387090e+11 2.08323353e+11]
 [2.25277354e+12 5.26799184e+11 4.93915466e+10 2.46820388e+11
  2.05658289e+12 5.44798190e+11 3.78555129e+12 2.10320610e+13
  2.16696873e+13 3.62810877e+12 1.93220696e+13 3.32751244e+13
  1.14878796e+13 2.39003854e+11 4.04315641e+12 2.44565842e+12
  1.07072201e+11 3.80673568e+10 1.03901537e+12 2.26193088e+12]]