[[1.95556408e+12 4.11451847e+11 3.17848587e+10 1.43208537e+11
  1.29192184e+12 4.11457161e+11 3.25995598e+12 1.74608086e+13
  1.50486024e+13 2.14879224e+12 1.15257389e+13 2.32952136e+13
  9.54108134e+12 2.05874933e+11 3.03966358e+12 1.52113165e+12
  6.22261418e+10 2.47449714e+10 8.13789491e+11 1.96328287e+12]
 [1.02512162e+12 8.03347178e+10 5.64668098e+09 4.86796190e+08
  2.14596298e+11 2.16479912e+11 5.46350234e+12 1.29200185e+13
  4.00099184e+12 1.19315228e+11 2.26169440e+12 1.17420723e+13
  5.63608927e+12 1.78616011e+12 2.00400927e+12 1.30202930e+11
  4.17491367e+08 7.31201871e+09 4.88625767e+11 1.04563559e+12]
 [7.42103492e+10 3.32030057e+09 4.63749417e+09 1.44335642e+10
  6.67451537e+10 1.20031179e+11 9.92767596e+11 1.94725756e+12
  1.23457109e+12 1.28270188e+12 2.83884219e+12 2.42573522e+12
  7.27163888e+11 5.42218821e+11 5.29931023e+11 1.11965566e+11
  7.09800198e+08 3.36238910e+09 6.12692110e+10 7.43270438e+10]
 [3.18464156e+10 7.08181185e+09 2.85012342e+10 7.88176983e+10
  2.58446376e+11 4.62157683e+11 9.16224373e+11 3.06388776e+12
  4.92907368e+12 1.05735787e+13 1.65059071e+13 6.57028596e+12
  8.39821418e+11 8.59221478e+11 1.72545695e+12 5.11027187e+11
  1.05147655e+10 1.87021107e+10 8.28826325e+10 2.84755150e+10]
 [3.29676308e+10 2.45967066e+11 4.91745474e+11 1.11860820e+12
  3.85729442e+12 7.23798611e+12 4.47094203e+11 2.71087547e+13
  7.22622335e+13 1.94490518e+14 2.51366240e+14 7.74590096e+13
  4.53969375e+12 5.42716020e+12 2.29611518e+13 7.00385696e+12
  3.38197580e+11 3.34914564e+11 6.65925103e+11 7.35939440e+09]
 [1.20646376e+11 1.40800782e+12 1.51791610e+12 2.91554798e+12
  1.20077935e+13 2.87802960e+13 1.94244268e+13 8.63248258e+13
  2.14708940e+14 5.96355145e+14 6.83306585e+14 2.08853162e+14
  2.77544833e+13 3.14302900e+13 6.66807665e+13 1.87313893e+13
  1.45019924e+12 1.11326180e+12 2.09433419e+12 9.42265193e+10]
 [4.09033409e+11 3.45085602e+12 1.72037144e+12 2.71006317e+12
  1.50745946e+13 6.72267471e+13 1.54729138e+14 2.00098962e+14
  2.68397719e+14 6.16336521e+14 6.75507567e+14 2.87093112e+14
  1.41202066e+14 1.49132032e+14 9.47782030e+13 1.90241090e+13
  1.85682127e+12 1.49135820e+12 5.03345362e+12 4.02011990e+11]
 [1.11244882e+12 5.68404534e+12 6.90408567e+11 3.66677447e+11
  8.72100247e+12 1.15877268e+14 3.91095710e+14 3.43807953e+14
  1.86026942e+14 1.02107846e+14 1.91800256e+14 2.97562050e+14
  3.47571455e+14 3.53545658e+14 9.83949284e+13 5.41588820e+12
  3.64788913e+11 1.10456564e+12 8.95747187e+12 1.13245256e+12]
 [1.90644532e+12 9.08505528e+12 1.47585396e+12 1.37978516e+12
  1.68722166e+13 1.63462595e+14 4.87182208e+14 4.35258710e+14
  3.18678113e+14 3.58346859e+14 4.44736325e+14 4.15939568e+14
  4.60182195e+14 4.59379745e+14 1.41088385e+14 1.34218935e+13
  1.36051005e+12 1.89503055e+12 1.14994257e+13 1.93263297e+12]
 [1.48996721e+12 1.41487634e+13 5.94728898e+12 8.64756768e+12
  5.63111250e+13 1.96229528e+14 2.98854298e+14 4.25141372e+14
  8.76354068e+14 2.16904140e+15 2.02649839e+15 7.15091184e+14
  3.36232622e+14 3.37996109e+14 2.51975457e+14 6.41050750e+13
  8.46801889e+12 5.08676212e+12 1.10613968e+13 1.42886111e+12]
 [4.01993001e+11 1.70679663e+13 1.00321444e+13 1.54754437e+13
  9.13608088e+13 2.00179594e+14 4.94625347e+13 3.61613290e+14
  1.36414319e+15 3.86279914e+15 3.49700194e+15 9.52161282e+14
  1.39789486e+14 1.49885149e+14 3.40245628e+14 1.10971730e+14
  1.50618808e+13 7.85563322e+12 9.08208000e+12 2.47158808e+11]
 [2.33415211e+11 1.41156672e+13 8.88254369e+12 1.39802171e+13
  7.92111419e+13 1.70554805e+14 2.68892834e+13 3.16386822e+14
  1.20225232e+15 3.44265287e+15 3.18364033e+15 8.59068158e+14
  1.06636882e+14 1.17066507e+14 3.04766273e+14 9.86367138e+13
  1.29001808e+13 6.88354194e+12 7.83557280e+12 1.15472676e+11]
 [5.27386359e+11 7.76969889e+12 4.11638994e+12 6.42422090e+12
  3.65244991e+13 1.19087835e+14 1.70639580e+14 2.85168237e+14
  5.94821019e+14 1.53970484e+15 1.52757542e+15 5.15885727e+14
  1.86364129e+14 1.94251930e+14 1.77584056e+14 4.52573354e+13
  5.31309361e+12 3.38090777e+12 7.18075628e+12 4.96987438e+11]
 [5.59121551e+11 2.97977363e+12 7.86879771e+11 9.46469669e+11
  7.84995849e+12 6.63844024e+13 2.17921042e+14 2.17758112e+14
  1.56271559e+14 2.21114257e+14 2.82105418e+14 2.21335041e+14
  1.84272091e+14 1.92786839e+14 7.16859765e+13 7.83655595e+12
  6.70595518e+11 8.84932569e+11 5.56069891e+12 5.65030104e+11]
 [5.49855950e+11 9.01632526e+11 1.51031047e+11 4.92880198e+10
  1.87208809e+12 2.76226325e+13 1.18129724e+14 1.16065023e+14
  4.67404589e+13 1.40569143e+13 4.59864591e+13 9.77043250e+13
  8.94875210e+13 9.53720061e+13 2.96227592e+13 1.17772681e+12
  3.66430470e+10 2.55743359e+11 2.98212471e+12 5.60412151e+11]
 [3.00246372e+11 1.79055922e+11 1.85084077e+11 3.66738220e+11
  1.58245800e+12 7.00507703e+12 2.43098200e+13 3.51372677e+13
  3.23768726e+13 6.45170152e+13 8.98168093e+13 4.71693795e+13
  1.81951538e+13 1.95415637e+13 1.36212781e+13 2.48433001e+12
  1.12521524e+11 1.52551553e+11 9.12382477e+11 2.97663983e+11]
 [2.43495402e+10 7.36661538e+09 3.16734151e+10 8.85511934e+10
  2.85116701e+11 4.64125754e+11 6.50371952e+11 2.95887548e+12
  5.39495318e+12 1.18687874e+13 1.84207021e+13 6.97354557e+12
  6.96267955e+11 7.21728640e+11 1.83652400e+12 5.70642703e+11
  1.18001016e+10 2.04386082e+10 7.94302559e+10 2.03327899e+10]
 [6.69602685e+09 4.81640874e+09 1.59724278e+10 6.12942701e+10
  2.03080169e+11 1.24621011e+11 7.69413623e+09 1.45310788e+12
  3.32358473e+12 5.34784187e+12 1.05618973e+13 4.37858992e+12
  1.59870471e+11 1.33702878e+11 9.88433690e+11 4.21183730e+11
  2.94561221e+09 8.85088344e+09 4.29877244e+10 9.96417088e+08]
 [2.98395781e+11 1.22183862e+11 6.04403237e+10 3.10085307e+11
  1.38232179e+12 2.24826390e+11 1.32106662e+12 9.88865489e+12
  1.80126275e+13 1.31935153e+13 3.91249287e+13 2.42466674e+13
  2.10001548e+12 6.96719967e+11 4.35516040e+12 2.46164701e+12
  3.81498710e+10 3.11089920e+10 3.55515650e+11 2.56302909e+11]
 [1.77135256e+12 4.31489384e+11 4.07575377e+10 1.98433582e+11
  1.59254863e+12 4.13135332e+11 2.92588250e+12 1.69925397e+13
  1.79153316e+13 2.95544572e+12 1.51819683e+13 2.53455280e+13
  8.76728415e+12 1.89736854e+11 3.32775305e+12 2.01168570e+12
  8.54278138e+10 2.92832096e+10 7.88164295e+11 1.76320168e+12]]