[[2.23045075e+12 4.58496720e+11 3.80995803e+10 1.90871978e+11
  1.77298139e+12 5.30670125e+11 3.83165483e+12 1.94213766e+13
  1.73462725e+13 2.75707479e+12 1.58369199e+13 3.10308920e+13
  1.16263693e+13 2.32053622e+11 3.41245444e+12 1.86596889e+12
  8.41573592e+10 3.37282496e+10 1.02994716e+12 2.26970033e+12]
 [8.84785640e+11 2.88429667e+10 9.86394602e+08 5.76124909e+10
  8.42871026e+11 4.00612947e+11 5.92725746e+12 7.16715380e+12
  4.23535648e+11 1.22979764e+12 1.55784905e+13 2.77587376e+13
  7.54556250e+12 1.34965248e+12 5.24087743e+11 8.12805822e+10
  9.42636904e+09 2.34735759e+10 8.06859961e+11 1.01153443e+12]
 [8.44547959e+10 2.31562240e+09 2.62471753e+09 1.29011202e+10
  9.19610947e+10 1.87608082e+11 1.30573947e+12 1.66536830e+12
  6.94168142e+11 9.21535893e+11 3.40543374e+12 3.74389750e+12
  1.05961454e+12 5.64042094e+11 3.36274665e+11 6.70770551e+10
  7.07729168e+08 4.87881458e+09 9.46163413e+10 9.11720828e+10]
 [9.00745870e+10 1.06310070e+10 2.51359839e+10 4.76398448e+10
  1.24918439e+11 3.28269819e+11 2.35621600e+12 6.04256927e+12
  5.24123811e+12 7.32610579e+12 8.45488329e+12 3.50232335e+12
  1.32880678e+12 2.22007473e+12 2.28106005e+12 4.13037876e+11
  5.96624784e+09 9.03937096e+09 7.44179598e+10 8.12540074e+10]
 [4.47841777e+11 4.90265784e+11 5.03967166e+11 6.72991252e+11
  1.10021743e+12 4.50280920e+11 2.07742181e+13 8.35130713e+13
  9.29357072e+13 1.45233506e+14 1.02230022e+14 8.85208191e+12
  6.42695798e+12 3.56289861e+13 3.86539785e+13 6.43497020e+12
  1.80221609e+11 7.49840325e+10 8.54523042e+10 3.50158313e+11]
 [5.73887465e+11 2.83798182e+12 1.70845502e+12 1.97767202e+12
  4.10820930e+12 4.60767283e+12 7.26932605e+13 2.38784698e+14
  2.97704635e+14 4.97356482e+14 3.20590389e+14 3.75938492e+13
  2.89721406e+13 1.26810489e+14 1.16988585e+14 1.90262739e+13
  8.76371273e+11 3.12213444e+11 5.15450444e+11 4.58589558e+11]
 [6.08878205e+11 5.09167224e+12 2.07231564e+12 2.59735327e+12
  1.24618724e+13 6.26400618e+13 2.08640069e+14 3.07570743e+14
  3.53710446e+14 6.44926115e+14 5.80852352e+14 2.43960963e+14
  1.64502816e+14 2.27936684e+14 1.35231174e+14 2.18398153e+13
  1.70733441e+12 1.22737146e+12 5.02370786e+12 5.74828507e+11]
 [1.00478226e+12 3.23068768e+12 5.88456058e+11 1.94009214e+12
  2.70272701e+13 1.98756450e+14 4.23059795e+14 2.33474790e+14
  1.02027180e+14 3.19180643e+14 8.02468861e+14 6.29103431e+14
  4.49291206e+14 2.90170595e+14 5.23389641e+13 6.91613807e+12
  1.94726397e+12 2.97255689e+12 1.39071392e+13 1.11668611e+12]
 [1.81465283e+12 3.96433330e+12 4.45880986e+11 2.30861375e+12
  3.92198936e+13 2.90859381e+14 5.72954932e+14 2.73569513e+14
  7.89624715e+13 3.41600662e+14 1.03499865e+15 8.42956102e+14
  6.48318136e+14 3.85454694e+14 4.96158435e+13 5.84544908e+12
  2.71148395e+12 4.25499770e+12 1.89862660e+13 2.04696940e+12]
 [2.68779355e+12 1.69392095e+13 4.71444346e+12 5.59062552e+12
  3.89994286e+13 2.09824816e+14 5.34906068e+14 6.18324393e+14
  8.00675489e+14 1.47867095e+15 1.31297310e+15 6.15623318e+14
  5.16094061e+14 5.79291036e+14 2.73464300e+14 4.78369619e+13
  5.41305669e+12 3.73280833e+12 1.34181926e+13 2.61797190e+12]
 [2.92682061e+12 3.15785381e+13 9.79701289e+12 9.16496884e+12
  2.98669880e+13 4.98399997e+13 3.89231560e+14 9.93594594e+14
  1.65919598e+15 2.79038314e+15 1.48284772e+15 2.08412402e+14
  2.20314791e+14 7.39514296e+14 5.36340155e+14 9.75692111e+13
  8.00941721e+12 2.21666144e+12 3.44977556e+12 2.38615943e+12]
 [2.18221620e+12 2.91920349e+13 9.66163309e+12 8.90484801e+12
  2.29770499e+13 3.61207796e+12 3.04089015e+14 9.75764139e+14
  1.63407417e+15 2.73020778e+15 1.35140066e+15 8.18023292e+13
  1.15994244e+14 6.77019540e+14 5.37062101e+14 9.62706062e+13
  7.25527724e+12 1.52344546e+12 5.34033887e+11 1.69050025e+12]
 [1.13332001e+12 1.36899015e+13 4.85122340e+12 5.11117197e+12
  1.97828743e+13 6.87227002e+13 2.94287145e+14 5.79868656e+14
  8.21514513e+14 1.43251194e+15 9.56779466e+14 2.54092896e+14
  2.06565569e+14 4.25848816e+14 2.88170721e+14 4.91936329e+13
  3.89567949e+12 1.72610339e+12 4.95908113e+12 9.92028031e+11]
 [5.75903961e+11 2.72927059e+12 9.10821352e+11 1.67412493e+12
  1.43443020e+13 9.67565450e+13 2.45551672e+14 2.03255416e+14
  1.56365728e+14 3.38850548e+14 5.35405988e+14 3.56912385e+14
  2.29352221e+14 1.90753760e+14 6.64606183e+13 9.96821559e+12
  1.24025309e+12 1.55943110e+12 7.67906898e+12 6.06807485e+11]
 [4.79590466e+11 2.98591975e+11 7.71228233e+09 4.77205831e+11
  6.74913833e+12 5.14951391e+13 1.30348916e+14 6.31047537e+13
  2.07609875e+12 4.64019735e+13 2.46966281e+14 2.28512149e+14
  1.21921954e+14 7.23482178e+13 6.62678193e+12 3.99318116e+11
  3.19777650e+11 7.81763623e+11 4.98662249e+12 5.50040376e+11]
 [3.89120852e+11 1.54717261e+11 1.22404617e+11 2.79392800e+11
  1.69294199e+12 9.88351962e+12 3.47128935e+13 3.60874039e+13
  2.27365200e+13 4.45769464e+13 8.35676075e+13 6.08800185e+13
  2.69876256e+13 2.36070617e+13 1.08390641e+13 1.63910332e+12
  9.13607244e+10 1.74840292e+11 1.32668354e+12 4.07106855e+11]
 [9.17216445e+10 1.20592504e+10 2.90829607e+10 5.27352585e+10
  1.17969299e+11 2.48559364e+11 2.20092651e+12 6.66289308e+12
  6.06119715e+12 8.32916605e+12 8.67608308e+12 2.80965179e+12
  1.11266210e+12 2.33718407e+12 2.61182691e+12 4.76298496e+11
  6.47235428e+09 8.08851944e+09 5.70307840e+10 7.96566633e+10]
 [9.92876383e+10 9.81836189e+09 1.67281756e+10 3.74323581e+10
  5.64380515e+10 1.71160852e+09 7.30339190e+11 4.58438687e+12
  4.37088200e+12 4.06973918e+12 4.29761182e+12 3.89515145e+11
  2.05455736e+11 9.11995005e+11 1.70173344e+12 3.95201916e+11
  1.58808943e+09 1.87348738e+09 2.54544134e+09 7.67869424e+10]
 [1.04444672e+12 2.38709630e+11 6.91632248e+10 2.19685054e+11
  5.38611969e+11 6.25654694e+10 3.50758139e+12 2.50738873e+13
  2.50843489e+13 1.13549692e+13 1.98369826e+13 6.27982613e+12
  2.22138907e+12 2.27758167e+12 7.52600982e+12 2.55527744e+12
  2.42836502e+10 1.04431003e+10 1.36478581e+11 8.56692420e+11]
 [2.27092188e+12 5.58981712e+11 4.92638100e+10 2.19781886e+11
  1.69465097e+12 4.62701183e+11 3.63651611e+12 2.21875130e+13
  2.23917842e+13 3.38177877e+12 1.62592926e+13 2.75091050e+13
  1.04612831e+13 2.45799210e+11 4.27040867e+12 2.38651717e+12
  9.32931139e+10 3.12432529e+10 9.00891191e+11 2.23045075e+12]]