[[4.90031511e+07 1.30976836e+09 3.14157705e+08 2.00761436e+09
  1.39236897e+10 1.73575012e+09 7.96952053e+08 2.30803357e+10
  1.06776078e+11 2.82967548e+10 1.48147144e+11 1.57748758e+11
  1.22743655e+10 5.09503061e+07 1.33875108e+10 1.70372122e+10
  8.67775808e+08 2.34232324e+08 2.49182456e+09 4.90031511e+07]
 [2.44727733e+09 3.46291729e+10 2.42862872e+10 1.42478211e+11
  6.84656592e+11 1.09284800e+11 1.25098279e+11 1.89143003e+12
  6.60665311e+12 5.80590755e+12 1.89085685e+13 1.21792487e+13
  7.10065790e+11 4.35415308e+10 1.38311521e+12 1.02504289e+12
  1.78651975e+10 1.55484333e+10 1.63857637e+11 2.44727733e+09]
 [6.33162084e+08 3.44766394e+09 1.39912441e+10 6.00571632e+10
  2.22610602e+11 1.67363062e+11 8.28458152e+10 8.58651966e+11
  2.74309180e+12 5.02732422e+12 1.10321650e+13 5.29696613e+12
  3.17242537e+11 4.54690341e+10 7.51148971e+11 3.78606817e+11
  2.94805316e+09 9.98675814e+09 6.26719968e+10 6.33162084e+08]
 [8.37838338e+08 7.82110752e+09 4.66612366e+10 1.48657133e+11
  5.18952602e+11 8.55194109e+11 2.66442519e+11 2.17450150e+12
  7.29010223e+12 1.90880736e+13 3.25952918e+13 1.30347571e+13
  9.56661504e+11 1.82367628e+11 2.16835525e+12 8.69848652e+11
  2.01965736e+10 3.76535931e+10 1.41039624e+11 8.37838338e+08]
 [3.19711732e+09 1.96668842e+11 4.82804858e+11 1.22906232e+12
  4.73765873e+12 1.08323942e+13 2.55974780e+12 1.77938093e+13
  6.68017383e+13 2.05017711e+14 2.94341987e+14 1.04791584e+14
  9.74013951e+12 2.00375407e+12 1.95164301e+13 7.05816137e+12
  3.79542731e+11 4.23236617e+11 1.07765317e+12 3.19711732e+09]
 [1.79910759e+09 5.21558690e+11 7.54115893e+11 1.64187584e+12
  7.39709432e+12 1.88674833e+13 3.71031828e+12 2.30978333e+13
  9.85815428e+13 3.21866374e+14 4.06909657e+14 1.34750671e+14
  1.54301471e+13 3.18097133e+12 2.71353245e+13 9.60638359e+12
  8.33070684e+11 6.97402544e+11 1.36032059e+12 1.79910759e+09]
 [1.26210865e+08 9.73397380e+10 1.03318757e+11 2.02668313e+11
  1.05775669e+12 2.75412784e+12 4.76534971e+11 2.75143848e+12
  1.32019290e+13 4.38262352e+13 5.03894618e+13 1.59932863e+13
  2.15968378e+12 4.35682550e+11 3.39219957e+12 1.22825889e+12
  1.40248669e+11 9.89418970e+10 1.62071299e+11 1.26210865e+08]
 [1.17892467e+09 1.03268753e+12 9.08630232e+11 1.66808186e+12
  9.75444765e+12 2.51541347e+13 3.98372151e+12 2.18935071e+13
  1.15336959e+14 3.82000012e+14 4.09986742e+14 1.27239787e+14
  1.93701631e+13 3.80951975e+12 2.78749825e+13 1.04814984e+13
  1.40191374e+12 8.89966546e+11 1.30871406e+12 1.17892467e+09]
 [1.04059812e+10 7.68852518e+12 6.06347792e+12 1.07103021e+13
  6.75084348e+13 1.71516031e+14 2.56741784e+13 1.36992915e+14
  7.69488965e+14 2.52975898e+15 2.59482889e+15 7.97163366e+14
  1.31126072e+14 2.52691545e+13 1.77842077e+14 6.91988476e+13
  1.00914539e+13 6.02008434e+12 8.33029440e+12 1.04059812e+10]
 [2.44899299e+10 1.61464175e+13 1.21021908e+13 2.10034953e+13
  1.37363862e+14 3.45714175e+14 5.03424121e+13 2.64956359e+14
  1.53737966e+15 5.02762222e+15 5.04182363e+15 1.54341956e+15
  2.63675929e+14 5.02540163e+13 3.47094824e+14 1.37732792e+14
  2.08684326e+13 1.20927203e+13 1.62864826e+13 2.44899299e+10]
 [2.44899299e+10 1.61464175e+13 1.21021908e+13 2.10034953e+13
  1.37363862e+14 3.45714175e+14 5.03424121e+13 2.64956359e+14
  1.53737966e+15 5.02762222e+15 5.04182363e+15 1.54341956e+15
  2.63675929e+14 5.02540163e+13 3.47094824e+14 1.37732792e+14
  2.08684326e+13 1.20927203e+13 1.62864826e+13 2.44899299e+10]
 [1.04059812e+10 7.68852518e+12 6.06347792e+12 1.07103021e+13
  6.75084348e+13 1.71516031e+14 2.56741784e+13 1.36992915e+14
  7.69488965e+14 2.52975898e+15 2.59482889e+15 7.97163366e+14
  1.31126072e+14 2.52691545e+13 1.77842077e+14 6.91988476e+13
  1.00914539e+13 6.02008434e+12 8.33029440e+12 1.04059812e+10]
 [1.17892467e+09 1.03268753e+12 9.08630232e+11 1.66808186e+12
  9.75444765e+12 2.51541347e+13 3.98372151e+12 2.18935071e+13
  1.15336959e+14 3.82000012e+14 4.09986742e+14 1.27239787e+14
  1.93701631e+13 3.80951975e+12 2.78749825e+13 1.04814984e+13
  1.40191374e+12 8.89966546e+11 1.30871406e+12 1.17892467e+09]
 [1.26210865e+08 9.73397380e+10 1.03318757e+11 2.02668313e+11
  1.05775669e+12 2.75412784e+12 4.76534971e+11 2.75143848e+12
  1.32019290e+13 4.38262352e+13 5.03894618e+13 1.59932863e+13
  2.15968378e+12 4.35682550e+11 3.39219957e+12 1.22825889e+12
  1.40248669e+11 9.89418970e+10 1.62071299e+11 1.26210865e+08]
 [1.79910759e+09 5.21558690e+11 7.54115893e+11 1.64187584e+12
  7.39709432e+12 1.88674833e+13 3.71031828e+12 2.30978333e+13
  9.85815428e+13 3.21866374e+14 4.06909657e+14 1.34750671e+14
  1.54301471e+13 3.18097133e+12 2.71353245e+13 9.60638359e+12
  8.33070684e+11 6.97402544e+11 1.36032059e+12 1.79910759e+09]
 [3.19711732e+09 1.96668842e+11 4.82804858e+11 1.22906232e+12
  4.73765873e+12 1.08323942e+13 2.55974780e+12 1.77938093e+13
  6.68017383e+13 2.05017711e+14 2.94341987e+14 1.04791584e+14
  9.74013951e+12 2.00375407e+12 1.95164301e+13 7.05816137e+12
  3.79542731e+11 4.23236617e+11 1.07765317e+12 3.19711732e+09]
 [8.37838338e+08 7.82110752e+09 4.66612366e+10 1.48657133e+11
  5.18952602e+11 8.55194109e+11 2.66442519e+11 2.17450150e+12
  7.29010223e+12 1.90880736e+13 3.25952918e+13 1.30347571e+13
  9.56661504e+11 1.82367628e+11 2.16835525e+12 8.69848652e+11
  2.01965736e+10 3.76535931e+10 1.41039624e+11 8.37838338e+08]
 [6.33162084e+08 3.44766394e+09 1.39912441e+10 6.00571632e+10
  2.22610602e+11 1.67363062e+11 8.28458152e+10 8.58651966e+11
  2.74309180e+12 5.02732422e+12 1.10321650e+13 5.29696613e+12
  3.17242537e+11 4.54690341e+10 7.51148971e+11 3.78606817e+11
  2.94805316e+09 9.98675814e+09 6.26719968e+10 6.33162084e+08]
 [2.44727733e+09 3.46291729e+10 2.42862872e+10 1.42478211e+11
  6.84656592e+11 1.09284800e+11 1.25098279e+11 1.89143003e+12
  6.60665311e+12 5.80590755e+12 1.89085685e+13 1.21792487e+13
  7.10065790e+11 4.35415308e+10 1.38311521e+12 1.02504289e+12
  1.78651975e+10 1.55484333e+10 1.63857637e+11 2.44727733e+09]
 [4.90031511e+07 1.30976836e+09 3.14157705e+08 2.00761436e+09
  1.39236897e+10 1.73575012e+09 7.96952053e+08 2.30803357e+10
  1.06776078e+11 2.82967548e+10 1.48147144e+11 1.57748758e+11
  1.22743655e+10 5.09503061e+07 1.33875108e+10 1.70372122e+10
  8.67775808e+08 2.34232324e+08 2.49182456e+09 4.90031511e+07]]