[[1.10581393e+12 2.23285995e+11 1.67134992e+10 7.64620412e+10
  7.23673867e+11 2.37256833e+11 1.86512522e+12 9.64132668e+12
  7.98163805e+12 1.13299140e+12 6.33260435e+12 1.33366007e+13
  5.49835672e+12 1.15549952e+11 1.63539516e+12 7.98748813e+11
  3.35230426e+10 1.39825814e+10 4.69867170e+11 1.11703341e+12]
 [2.02436347e+12 1.47858623e+11 1.15115394e+10 2.89134227e+10
  6.81672023e+11 5.03760109e+11 1.11877828e+13 2.43512705e+13
  7.36188214e+12 9.85956029e+11 1.01246079e+13 2.96873632e+13
  1.20419570e+13 3.46785078e+12 3.65991179e+12 3.15296669e+11
  4.94107415e+09 2.10150575e+10 1.10010125e+12 2.10007959e+12]
 [3.12243480e+11 8.28919849e+09 2.47996230e+09 2.15272984e+09
  1.17688603e+11 4.55148111e+11 4.43863726e+12 6.44118599e+12
  1.50408253e+12 4.33909443e+10 2.70976012e+12 7.44750678e+12
  3.21966643e+12 2.14764928e+12 1.08680367e+12 3.13110665e+10
  2.46393074e+08 7.45095967e+09 2.49962576e+11 3.24940780e+11]
 [2.98729012e+11 1.36173688e+10 6.07715063e+09 4.10335175e+09
  1.99027784e+11 1.68198339e+12 1.03196157e+13 1.18011140e+13
  2.90679684e+12 1.54143304e+11 5.83600509e+12 1.32624806e+13
  7.01893757e+12 6.22869098e+12 2.27388283e+12 5.37459462e+10
  1.25296107e+09 2.03556116e+10 4.06746208e+11 3.10850040e+11]
 [7.95860241e+11 2.55064309e+11 7.31883617e+10 8.39480917e+10
  1.44563537e+12 1.50529472e+13 6.88344934e+13 6.92032716e+13
  2.30594138e+13 1.20904284e+13 4.92695141e+13 7.72890895e+13
  4.96773748e+13 4.80681046e+13 1.57579506e+13 7.13714986e+11
  3.42116144e+10 1.74293792e+11 2.17859338e+12 8.25190369e+11]
 [2.09121571e+11 4.97753118e+11 2.49533715e+11 3.97561758e+11
  2.23947594e+12 1.35753533e+13 4.42061806e+13 5.18682620e+13
  4.41312637e+13 8.24736335e+13 1.05759428e+14 6.21141321e+13
  3.52829292e+13 3.75865629e+13 1.89888919e+13 2.84193757e+12
  2.02335030e+11 2.36916197e+11 1.33163130e+12 2.09680772e+11]
 [7.62226688e+10 9.58401889e+11 5.54227916e+11 8.52079298e+11
  4.03946723e+12 1.30221183e+13 2.52107272e+13 4.86649459e+13
  8.37056645e+13 1.98801956e+14 1.96382446e+14 6.44275714e+13
  2.27860256e+13 3.04999799e+13 2.76765802e+13 6.16719688e+12
  5.71601915e+11 3.79034515e+11 9.03659055e+11 6.93999688e+10]
 [1.50100561e+12 7.26567340e+12 9.77150476e+11 9.87327965e+11
  1.70270814e+13 1.80832081e+14 5.44966951e+14 4.46352657e+14
  2.41750651e+14 2.16006983e+14 4.36968601e+14 4.97100762e+14
  5.03173796e+14 4.70113982e+14 1.25494497e+14 8.42725928e+12
  9.71065249e+11 2.02587832e+12 1.35846810e+13 1.55091936e+12]
 [6.02557877e+12 2.19729336e+13 1.41931806e+12 6.75434699e+11
  4.29861751e+13 5.48899073e+14 1.61350506e+15 1.21252863e+15
  5.17409980e+14 8.33584673e+13 7.95420342e+14 1.32530790e+15
  1.56135096e+15 1.40299285e+15 3.07858844e+14 8.43606644e+12
  1.19249376e+12 5.36238845e+12 3.90411097e+13 6.26648280e+12]
 [9.87989375e+12 3.16290021e+13 1.68286298e+12 5.14911884e+11
  5.89049076e+13 7.68565962e+14 2.20721604e+15 1.62335518e+15
  6.79531199e+14 9.20607866e+12 9.92126803e+14 1.77111344e+15
  2.18972571e+15 1.94109450e+15 4.08265628e+14 8.53518552e+12
  1.33100496e+12 7.33994176e+12 5.31261899e+13 1.02838819e+13]
 [7.14846482e+12 2.36233520e+13 1.63049575e+12 9.51746937e+11
  4.55073789e+13 5.59288541e+14 1.59276108e+15 1.18948514e+15
  5.49432007e+14 1.57470565e+14 8.38027687e+14 1.30506175e+15
  1.58106430e+15 1.40850376e+15 3.10089089e+14 1.06668887e+13
  1.51261208e+12 5.54453702e+12 3.85133684e+13 7.42800372e+12]
 [1.82532952e+12 8.17693550e+12 1.32436542e+12 1.48158735e+12
  1.91574996e+13 1.73148573e+14 4.79428832e+14 4.00683692e+14
  2.81750169e+14 3.53345749e+14 5.08401186e+14 4.54169651e+14
  4.65922574e+14 4.33815599e+14 1.25811745e+14 1.23120141e+13
  1.51031759e+12 2.12771386e+12 1.19917626e+13 1.87486199e+12]
 [3.21688225e+10 1.54595716e+12 9.33229914e+11 1.37487854e+12
  6.39936372e+12 1.07338900e+13 1.80401266e+12 4.58680963e+13
  1.32720381e+14 3.41848227e+14 2.96988136e+14 6.79023073e+13
  3.68737956e+12 1.91122675e+13 3.74181469e+13 1.02394249e+13
  1.10735069e+12 5.49841589e+11 4.67616045e+11 1.51594944e+10]
 [4.53028564e+11 2.25030273e+12 5.66195138e+11 7.39247804e+11
  6.80104049e+12 5.76501636e+13 1.80903837e+14 1.69269499e+14
  1.13611053e+14 1.64205848e+14 2.37608408e+14 1.93700142e+14
  1.56234628e+14 1.54098021e+14 5.33603967e+13 5.65833739e+12
  5.38931069e+11 7.72255941e+11 4.79618458e+12 4.63373877e+11]
 [1.28667970e+12 1.88644156e+12 2.67056974e+11 2.14183675e+11
  6.11378775e+12 7.49092239e+13 2.87397691e+14 2.54981285e+14
  8.89304667e+13 3.15016754e+13 1.72546392e+14 2.80619565e+14
  2.26557201e+14 2.18622087e+14 6.02058380e+13 2.04351922e+12
  1.63403084e+11 7.92952436e+11 7.88597571e+12 1.33633456e+12]
 [1.46688064e+12 4.38562071e+11 7.71197143e+10 3.58448220e+10
  2.31517778e+12 2.73926424e+13 1.27627816e+14 1.24034634e+14
  3.36973166e+13 7.13090152e+11 6.61988336e+13 1.36834910e+14
  9.19875911e+13 8.80296287e+13 2.61460177e+13 5.08146872e+11
  2.79960795e+10 2.92542494e+11 3.99812905e+12 1.52678377e+12]
 [2.79907626e+11 1.28363209e+10 6.03648375e+09 4.72608301e+09
  1.88833214e+11 1.57771351e+12 9.66460469e+12 1.10839243e+13
  2.78254121e+12 2.67520472e+11 5.63534714e+12 1.24697201e+13
  6.57415006e+12 5.83941323e+12 2.15035095e+12 5.64575240e+10
  1.28836160e+09 1.92296236e+10 3.81258140e+11 2.91171115e+11]
 [1.42744449e+11 4.18625715e+09 2.33465017e+09 5.15079232e+09
  6.55753710e+10 2.11975444e+11 2.01159931e+12 3.06635178e+12
  9.46917607e+11 3.99236341e+11 1.90043465e+12 3.60842604e+12
  1.46195875e+12 9.91035063e+11 5.76844251e+11 4.53756788e+10
  3.07971462e+08 3.89208373e+09 1.14994746e+11 1.47719041e+11]
 [1.99871706e+11 3.30911283e+10 1.08090932e+10 4.87209706e+10
  2.35316046e+11 6.15574923e+10 9.81590977e+11 3.64833382e+12
  3.62481132e+12 2.13041697e+12 6.26158300e+12 5.10481225e+12
  1.08575003e+12 3.83364176e+11 1.04489612e+12 4.21341078e+11
  5.98029351e+09 5.58450942e+09 1.17381196e+11 1.92460411e+11]
 [6.43339106e+11 1.68334862e+11 1.65984708e+10 7.99952388e+10
  6.08761104e+11 1.48346115e+11 1.04203023e+12 6.44324785e+12
  7.21704709e+12 1.20360248e+12 5.94945551e+12 9.30592588e+12
  3.10081563e+12 6.98588783e+10 1.31497404e+12 8.21061385e+11
  3.41620594e+10 1.10398752e+10 2.80682490e+11 6.33487329e+11]]