[[2.40091200e+12 5.16159416e+11 4.02927459e+10 1.79046991e+11
  1.57468979e+12 4.96212638e+11 3.97125631e+12 2.17241745e+13
  1.90451038e+13 2.70905127e+12 1.41831885e+13 2.81368406e+13
  1.15531447e+13 2.53888203e+11 3.82719378e+12 1.92681140e+12
  7.73916798e+10 3.00418017e+10 9.81989448e+11 2.40091200e+12]
 [1.43525671e+12 1.27423740e+11 1.19495227e+10 3.34765669e+09
  2.12389409e+11 2.60329701e+11 7.34422144e+12 1.93697889e+13
  7.22038213e+12 5.92654301e+11 1.93014518e+12 1.33106474e+13
  7.27165387e+12 2.55621937e+12 3.29474885e+12 3.17981679e+11
  4.19759256e+08 7.65025775e+09 6.02941139e+11 1.43525671e+12]
 [1.13628030e+11 4.32607299e+09 3.91846069e+09 8.21564965e+09
  4.99693565e+10 1.43600852e+11 1.49795852e+12 2.80011490e+12
  1.27224379e+12 8.08524481e+11 1.77425905e+12 2.45672866e+12
  1.03454669e+12 8.22138414e+11 6.44500829e+11 8.49857954e+10
  4.03285314e+08 2.79694351e+09 7.86398087e+10 1.13628030e+11]
 [5.17667346e+10 6.10521464e+09 2.08543861e+10 5.91486979e+10
  2.22059669e+11 5.51414742e+11 1.74275457e+12 3.19089891e+12
  3.71670858e+12 7.75190554e+12 1.32373559e+13 6.64550262e+12
  1.40382067e+12 1.19283520e+12 1.39811891e+12 3.72207987e+11
  8.03594826e+09 1.68285846e+10 1.10096578e+11 5.17667346e+10]
 [2.36016589e+10 1.59981800e+11 3.75395035e+11 9.49141718e+11
  3.67396090e+12 8.65327412e+12 3.66987094e+12 1.57903925e+13
  5.23927362e+13 1.58506237e+14 2.27565903e+14 8.21882475e+13
  8.64349076e+12 2.87275129e+12 1.55903687e+13 5.47346493e+12
  2.93101363e+11 3.29078968e+11 8.76625352e+11 2.36016589e+10]
 [7.31476719e+10 1.00077965e+12 1.28722908e+12 2.75144578e+12
  1.25369841e+13 3.45760813e+13 2.06909908e+13 5.43943222e+13
  1.72209980e+14 5.41063009e+14 6.84022257e+14 2.35393054e+14
  3.63372780e+13 1.77390303e+13 4.97275218e+13 1.62814037e+13
  1.39605490e+12 1.19042291e+12 2.61021664e+12 7.31476719e+10]
 [4.61000077e+11 3.64824078e+12 1.82937038e+12 2.99943262e+12
  1.75357655e+13 8.10556684e+13 1.80523771e+14 2.15105387e+14
  2.82961620e+14 6.69978962e+14 7.70312101e+14 3.42789768e+14
  1.68842451e+14 1.65047818e+14 9.98345103e+13 2.03623951e+13
  2.07563987e+12 1.75187334e+12 6.07434470e+12 4.61000077e+11]
 [1.49078164e+12 8.61856112e+12 1.34018088e+12 7.75736271e+11
  1.05645852e+13 1.39579337e+14 5.05757755e+14 4.92341993e+14
  3.19493899e+14 2.42351010e+14 2.60106539e+14 3.52465819e+14
  4.35596940e+14 4.83641778e+14 1.54677218e+14 1.13520198e+13
  6.51955615e+11 1.31265295e+12 1.09222120e+13 1.49078164e+12]
 [2.82360566e+12 1.33990672e+13 1.62574424e+12 5.50251872e+11
  1.24223994e+13 1.95954778e+14 6.98309608e+14 6.54545819e+14
  4.20206347e+14 2.21931379e+14 2.27639849e+14 4.35318921e+14
  6.26514311e+14 6.87293401e+14 2.03182201e+14 1.27334565e+13
  5.18457964e+11 1.61410952e+12 1.45175013e+13 2.82360566e+12]
 [2.38455753e+12 1.44089316e+13 4.41371170e+12 6.03098113e+12
  4.59627119e+13 2.34253787e+14 5.03516638e+14 5.24226558e+14
  7.13609402e+14 1.50904283e+15 1.51330538e+15 7.16412955e+14
  5.21693178e+14 5.02632517e+14 2.35189307e+14 4.60861580e+13
  5.99219900e+12 4.41025774e+12 1.45339246e+13 2.38455753e+12]
 [5.78724494e+11 1.19854317e+13 7.46830843e+12 1.25748451e+13
  8.37868962e+13 2.39004766e+14 1.46168752e+14 2.64951739e+14
  9.85003186e+14 3.02556655e+15 3.03411280e+15 9.88872963e+14
  2.63671332e+14 1.45912096e+14 2.39959260e+14 8.40119299e+13
  1.24939827e+13 7.46246409e+12 1.20894016e+13 5.78724494e+11]
 [4.66896134e+10 9.22269181e+12 7.16436139e+12 1.26265567e+13
  7.96960163e+13 2.04485000e+14 3.87661601e+13 1.69398360e+14
  9.11805155e+14 2.98349706e+15 3.06023793e+15 9.44597908e+14
  1.62143724e+14 3.81546032e+13 2.12027044e+14 8.16916064e+13
  1.18969861e+13 7.11308928e+12 9.99251953e+12 4.66896134e+10]
 [5.19687731e+11 6.88706754e+12 3.90208099e+12 6.58131036e+12
  4.05689809e+13 1.43440876e+14 1.89871091e+14 2.53017883e+14
  5.46936798e+14 1.52951853e+15 1.64157670e+15 6.03380933e+14
  2.23856216e+14 1.81568332e+14 1.58956449e+14 4.35928023e+13
  5.53116105e+12 3.82193044e+12 8.72790835e+12 5.19687731e+11]
 [7.10118230e+11 4.03932977e+12 1.13131860e+12 1.30919749e+12
  9.73923389e+12 8.00425304e+13 2.71070039e+14 2.87177023e+14
  2.20577401e+14 3.16112570e+14 3.63452215e+14 2.67215307e+14
  2.25413566e+14 2.47831729e+14 9.85866501e+13 1.13091230e+13
  9.05978851e+11 1.08339290e+12 6.72551040e+12 7.10118230e+11]
 [7.85555027e+11 1.42116854e+12 2.65091892e+11 4.41067071e+09
  1.59894570e+12 3.31836905e+13 1.62123606e+14 1.75771894e+14
  7.87564775e+13 1.96961900e+13 2.49003021e+13 1.07651878e+14
  1.17421671e+14 1.38993613e+14 4.77249772e+13 2.07650262e+12
  2.23792833e+09 2.45155634e+11 3.70666785e+12 7.85555027e+11]
 [4.67234218e+11 2.15530919e+11 1.46078007e+11 2.28546495e+11
  1.21905054e+12 8.37314053e+12 3.78622376e+13 4.85568667e+13
  3.02015092e+13 4.21331002e+13 6.04900930e+13 4.73769705e+13
  2.65795057e+13 2.96383153e+13 1.50856596e+13 1.81614082e+12
  7.05766987e+10 1.28054970e+11 1.18100851e+12 4.67234218e+11]
 [3.93233282e+10 5.86877293e+09 2.32264977e+10 6.84773188e+10
  2.50841192e+11 5.53781859e+11 1.36182057e+12 2.76231614e+12
  3.97591240e+12 8.91158423e+12 1.52176534e+13 7.10896097e+12
  1.21526774e+12 9.32103435e+11 1.40412076e+12 4.20450484e+11
  9.30333567e+09 1.87427758e+10 1.05832777e+11 3.93233282e+10]
 [1.56692371e+09 3.08401546e+09 1.23945627e+10 5.31271393e+10
  1.97096526e+11 1.49121315e+11 8.64687707e+10 7.83360008e+11
  2.43451923e+12 4.44829014e+12 9.76150907e+12 4.70110622e+12
  2.89424733e+11 4.74574543e+10 6.69277444e+11 3.35213542e+11
  2.60787594e+09 8.84706888e+09 5.60615566e+10 1.56692371e+09]
 [2.29028181e+11 9.26809012e+10 5.29234287e+10 3.00068120e+11
  1.47255097e+12 2.70368507e+11 1.40861786e+12 6.99799640e+12
  1.50161092e+13 1.22987763e+13 4.00544190e+13 2.76819330e+13
  2.62713278e+12 4.90281548e+11 3.42180060e+12 2.20464963e+12
  3.76252353e+10 3.38823467e+10 4.38545660e+11 2.29028181e+11]
 [2.09515544e+12 4.99524407e+11 4.70023876e+10 2.31974897e+11
  1.89911391e+12 4.98231074e+11 3.49256988e+12 1.98130462e+13
  2.06400810e+13 3.43129691e+12 1.79644924e+13 3.04932266e+13
  1.05367866e+13 2.23285082e+11 3.84276159e+12 2.32378108e+12
  1.00269358e+11 3.50444324e+10 9.50341466e+11 2.09515544e+12]]