[[5.86809059e+11 1.11451189e+11 8.00466254e+09 3.79885341e+10
  3.86416295e+11 1.30724140e+11 1.00821235e+12 4.93640199e+12
  3.85877025e+12 5.49471700e+11 3.29303512e+12 7.30505100e+12
  3.01051614e+12 6.06241452e+10 8.06237307e+11 3.82735098e+11
  1.69113791e+10 7.54795857e+09 2.58837918e+11 5.98460625e+11]
 [1.63670824e+12 1.02721008e+11 5.60547087e+09 2.81171377e+10
  7.00609809e+11 4.67185916e+11 9.43507545e+12 1.81849322e+13
  4.29327270e+12 5.92129332e+11 1.08123492e+13 2.86234159e+13
  1.05535868e+13 2.73635337e+12 2.42305681e+12 1.42647238e+11
  5.21618559e+09 2.11227550e+10 1.00065199e+12 1.73400326e+12]
 [2.90966423e+11 6.66593343e+09 1.24030782e+09 5.11552400e+09
  1.49648725e+11 4.92295475e+11 4.31660421e+12 5.55514603e+12
  1.00462387e+12 6.25190131e+10 3.90133130e+12 8.48060851e+12
  3.26158936e+12 1.95384371e+12 8.33194997e+11 1.14258573e+10
  4.53703167e+08 9.06391840e+09 2.64107714e+11 3.09246638e+11]
 [3.09025075e+11 1.20778219e+10 3.08446813e+09 9.62199744e+09
  2.78844501e+11 2.01924968e+12 1.11478279e+13 1.12698351e+13
  2.10066733e+12 1.11126608e+11 9.15910858e+12 1.67367204e+13
  7.89880043e+12 6.28687699e+12 1.91564785e+12 1.69616026e+10
  2.42661283e+09 2.73582587e+10 4.77221787e+11 3.28533754e+11]
 [9.37831205e+11 2.48528621e+11 3.68350623e+10 8.42858670e+10
  2.07420526e+12 2.03266443e+13 8.49330371e+13 7.41682459e+13
  1.71278398e+13 4.95713075e+12 6.96999199e+13 1.07502758e+14
  6.37331027e+13 5.50807696e+13 1.43383370e+13 2.66111250e+11
  4.22818078e+10 2.48282262e+11 2.89340025e+12 9.95351958e+11]
 [3.41223671e+11 5.14256210e+11 1.22240289e+11 2.06273226e+11
  2.46242203e+12 2.27685558e+13 7.79256286e+13 6.73412521e+13
  2.91032876e+13 3.49435675e+13 8.80726207e+13 9.23889886e+13
  6.35807944e+13 5.76224531e+13 1.70261044e+13 1.24773893e+12
  1.22761806e+11 2.93624564e+11 2.32218054e+12 3.57646527e+11]
 [2.23384517e+10 4.42547755e+11 2.65728243e+11 3.77418997e+11
  1.45964968e+12 2.71684124e+12 4.72692986e+12 2.05055233e+13
  4.03193966e+13 9.18673536e+13 7.86845662e+13 1.78992154e+13
  3.19684675e+12 1.05569478e+13 1.30855717e+13 2.93068135e+12
  2.46075399e+11 1.27503010e+11 1.57646323e+11 1.66286176e+10]
 [1.10108446e+12 4.58196133e+12 4.71452342e+11 6.96041780e+11
  1.47865154e+13 1.49885648e+14 4.16463335e+14 3.02367777e+14
  1.30688862e+14 1.16276849e+14 3.72654130e+14 4.22561405e+14
  3.98331675e+14 3.36603540e+14 7.56022743e+13 3.96435721e+12
  7.55681781e+11 1.75315869e+12 1.10952015e+13 1.16139339e+12]
 [5.35596034e+12 1.68407403e+13 7.02625657e+11 1.14985743e+12
  5.13237206e+13 5.64899344e+14 1.49658214e+15 9.97107759e+14
  3.30292889e+14 6.98212317e+13 1.05192646e+15 1.43208366e+15
  1.50779225e+15 1.21742994e+15 2.24931599e+14 3.41306515e+12
  1.85130463e+12 6.15651985e+12 3.92828393e+13 5.68861926e+12]
 [9.80753227e+12 2.70381835e+13 8.51229214e+11 1.45432964e+12
  8.00521448e+13 8.86329620e+14 2.28725387e+15 1.49023287e+15
  4.78463318e+14 2.58285174e+13 1.53417441e+15 2.15130264e+15
  2.36417721e+15 1.88081576e+15 3.32270731e+14 2.73096341e+12
  2.70237084e+12 9.53349209e+12 5.98395956e+13 1.04274607e+13]
 [7.93607789e+12 2.21525740e+13 8.25772499e+11 1.34818445e+12
  6.54635146e+13 7.16976118e+14 1.84852599e+15 1.21173158e+15
  4.07136640e+14 6.77935344e+13 1.27347556e+15 1.74425436e+15
  1.91013372e+15 1.52364355e+15 2.74177552e+14 3.66836598e+12
  2.34448935e+12 7.76497681e+12 4.83738802e+13 8.43155708e+12]
 [2.47813519e+12 8.42145407e+12 6.56467355e+11 9.53972895e+11
  2.53765669e+13 2.60830885e+14 6.86838732e+14 4.75984294e+14
  2.01092768e+14 1.46238863e+14 5.66358702e+14 6.71233878e+14
  6.90634924e+14 5.67468984e+14 1.17210398e+14 5.11748786e+12
  1.22498962e+12 2.97029040e+12 1.80590039e+13 2.61942255e+12]
 [9.47024092e+10 1.09138910e+12 4.50101713e+11 6.01872066e+11
  3.21394498e+12 1.22371423e+13 2.86387797e+13 4.52966390e+13
  7.09131882e+13 1.51895156e+14 1.35840663e+14 4.77006438e+13
  2.57295149e+13 3.41475099e+13 2.34855954e+13 4.76124520e+12
  4.87112812e+11 2.99228293e+11 8.03107286e+11 8.80882653e+10]
 [2.80509197e+11 1.23095631e+12 2.71545740e+11 4.04835572e+11
  4.46673943e+12 3.88311803e+13 1.15893592e+14 9.79216160e+13
  5.67149786e+13 8.20752159e+13 1.48429034e+14 1.30805526e+14
  1.02745575e+14 9.34457076e+13 2.82832407e+13 2.70691371e+12
  3.10457737e+11 5.14835230e+11 3.21185391e+12 2.91967376e+11]
 [1.07951888e+12 1.36173135e+12 1.30758682e+11 2.50831698e+11
  6.68117787e+12 7.24017446e+13 2.51567151e+14 1.97719552e+14
  5.36643803e+13 2.05163831e+13 2.01060190e+14 2.83231038e+14
  2.06265769e+14 1.79030608e+14 4.14150618e+13 8.96639668e+11
  1.99482492e+11 8.41333147e+11 7.46494153e+12 1.14503739e+12]
 [1.39758473e+12 3.60511833e+11 3.87461683e+10 9.59743314e+10
  3.02105396e+12 3.03122920e+13 1.26912142e+14 1.09364511e+14
  2.29600533e+13 1.73687077e+12 9.83402794e+13 1.59509915e+14
  9.52952783e+13 8.18802330e+13 2.04851807e+13 1.75714013e+11
  5.45303635e+10 3.64759975e+11 4.32106967e+12 1.48567848e+12]
 [2.96129494e+11 1.16011717e+10 3.06469918e+09 9.47068190e+09
  2.67743587e+11 1.93487139e+12 1.06801426e+13 1.08094709e+13
  2.03254437e+12 1.43217063e+11 8.81964332e+12 1.60443255e+13
  7.56700204e+12 6.02581500e+12 1.84255137e+12 1.81540013e+10
  2.35685128e+09 2.62491343e+10 4.57222984e+11 3.14780633e+11]
 [1.74833178e+11 4.16203069e+09 1.16966880e+09 4.38703409e+09
  9.29023892e+10 2.95512933e+11 2.58367133e+12 3.38883911e+12
  6.99159074e+11 1.63238062e+11 2.53214619e+12 5.12756585e+12
  1.95039117e+12 1.17818160e+12 5.31440995e+11 1.76106789e+10
  3.32354591e+08 5.55834311e+09 1.58207375e+11 1.85390686e+11]
 [3.86647122e+11 3.26818295e+10 5.26399828e+09 2.33041630e+10
  2.14570745e+11 1.09342432e+11 2.14773766e+12 4.89571203e+12
  2.24442950e+12 9.16059383e+11 4.27703504e+12 7.15308280e+12
  2.38057903e+12 6.67798986e+11 8.75695553e+11 1.89279575e+11
  3.16826274e+09 5.92330751e+09 2.29576491e+11 4.00814728e+11]
 [2.69941748e+11 7.79161515e+10 7.94874504e+09 3.71300133e+10
  2.61287262e+11 5.87749476e+10 4.20513109e+11 2.88355440e+12
  3.43958445e+12 5.69457573e+11 2.64483893e+12 3.78467055e+12
  1.22202108e+12 2.99822645e+10 6.16637205e+11 3.92546907e+11
  1.56521096e+10 4.64932469e+09 1.10397200e+11 2.60522058e+11]]