[[1.42839503e+12 3.02830014e+11 2.29459880e+10 9.99618902e+10
  8.91368937e+11 2.89567103e+11 2.36030982e+12 1.28504451e+13
  1.09824016e+13 1.51926913e+12 7.95410583e+12 1.62251719e+13
  6.83400199e+12 1.50898046e+11 2.23337603e+12 1.09069091e+12
  4.32077554e+10 1.71082612e+10 5.76131848e+11 1.42839503e+12]
 [6.83135648e+11 6.18680944e+10 6.54684190e+09 6.63833134e+09
  1.25321356e+11 1.27762555e+11 3.49959754e+12 9.28519747e+12
  3.67017356e+12 4.87635794e+11 1.58812292e+12 6.76590036e+12
  3.48577583e+12 1.21806499e+12 1.61697082e+12 1.87626566e+11
  8.32373593e+08 4.19138315e+09 2.92746228e+11 6.83135648e+11]
 [4.33022586e+10 2.75067496e+09 5.99010357e+09 2.24488621e+10
  9.06125978e+10 1.08341999e+11 5.94835314e+11 1.33847159e+12
  1.36557014e+12 1.92499050e+12 4.22427756e+12 2.63694375e+12
  4.94519478e+11 3.26468961e+11 4.86254135e+11 1.54110123e+11
  1.10195746e+09 4.27565378e+09 5.00020580e+10 4.33022586e+10]
 [1.33385815e+10 5.94980865e+09 3.16279619e+10 9.89511708e+10
  3.49302624e+11 6.21713993e+11 5.84073438e+11 2.02534221e+12
  5.05532592e+12 1.27446789e+13 2.17631457e+13 9.03896038e+12
  8.91039590e+11 3.99771357e+11 1.57636353e+12 5.85487798e+11
  1.34435164e+10 2.55223928e+10 1.07294111e+11 1.33385815e+10]
 [3.39778533e+09 2.00591099e+11 4.92320574e+11 1.25324389e+12
  4.83097108e+12 1.10473968e+13 2.62114785e+12 1.81572577e+13
  6.81212990e+13 2.09052580e+14 3.00134809e+14 1.06861573e+14
  9.93908723e+12 2.05181762e+12 1.99037945e+13 7.19717806e+12
  3.87010163e+11 4.31578289e+11 1.09914530e+12 3.39778533e+09]
 [9.37743256e+10 1.09281765e+12 1.37374406e+12 2.92490737e+12
  1.33595561e+13 3.74313770e+13 2.53004680e+13 6.14057736e+13
  1.84666974e+14 5.75557597e+14 7.27630979e+14 2.52420463e+14
  4.10211687e+13 2.16908786e+13 5.38340247e+13 1.73496531e+13
  1.48406751e+12 1.27043152e+12 2.85026859e+12 9.37743256e+10]
 [3.08718933e+11 2.55652487e+12 1.34610176e+12 2.24622365e+12
  1.29826110e+13 5.74963919e+13 1.21394488e+14 1.47219398e+14
  2.04939860e+14 5.00036667e+14 5.74919986e+14 2.48271434e+14
  1.15556771e+14 1.10987574e+14 7.08170600e+13 1.50753074e+13
  1.55441110e+12 1.28907727e+12 4.25663058e+12 3.08718933e+11]
 [7.70545086e+11 4.25520627e+12 5.16212130e+11 7.66916131e+10
  3.56526863e+12 6.72746643e+13 2.60715713e+14 2.50296561e+14
  1.42757868e+14 5.10160520e+13 5.47536761e+13 1.57490548e+14
  2.21448541e+14 2.49315032e+14 7.45515644e+13 3.83100701e+12
  6.44542864e+10 5.05608894e+11 5.39257820e+12 7.70545086e+11]
 [1.18368055e+12 7.34908019e+12 2.05497916e+12 2.65862612e+12
  2.05038201e+13 1.20871171e+14 2.97975347e+14 3.04905758e+14
  3.50274270e+14 6.66438628e+14 6.83580617e+14 3.62871762e+14
  2.91847897e+14 2.93274626e+14 1.25329276e+14 2.10172362e+13
  2.50500899e+12 2.04027260e+12 7.96251559e+12 1.18368055e+12]
 [7.49584925e+11 1.19049724e+13 6.94585088e+12 1.15502226e+13
  7.75576371e+13 2.31908131e+14 1.79104925e+14 2.84457420e+14
  9.29700274e+14 2.78503490e+15 2.79290172e+15 9.33352783e+14
  2.83082750e+14 1.78790436e+14 2.32834284e+14 7.77659403e+13
  1.14759491e+13 6.94041540e+12 1.20082443e+13 7.49584925e+11]
 [7.86697617e+10 1.41324021e+13 1.04379298e+13 1.80756878e+13
  1.18373798e+14 3.00792829e+14 5.51719845e+13 2.38878436e+14
  1.32966772e+15 4.32837510e+15 4.34060136e+15 1.33489158e+15
  2.37724031e+14 5.50751085e+13 3.01994080e+14 1.18691725e+14
  1.79594524e+13 1.04297616e+13 1.42549962e+13 7.86697617e+10]
 [1.51982135e+11 1.11875712e+13 8.38684229e+12 1.47009772e+13
  9.30989292e+13 2.44551306e+14 6.92370156e+13 2.19619696e+14
  1.07476956e+15 3.47683668e+15 3.56626712e+15 1.11342327e+15
  2.10214286e+14 6.81447648e+13 2.53571120e+14 9.54301286e+13
  1.38515452e+13 8.32682144e+12 1.21214094e+13 1.51982135e+11]
 [4.09757784e+11 5.84661553e+12 3.44502999e+12 5.86594273e+12
  3.59430786e+13 1.23263325e+14 1.51162069e+14 2.08224793e+14
  4.77952557e+14 1.36094437e+15 1.46065217e+15 5.27277486e+14
  1.84225770e+14 1.44551994e+14 1.36596352e+14 3.86221069e+13
  4.92994132e+12 3.37426748e+12 7.40935444e+12 4.09757784e+11]
 [4.01272976e+11 2.19707645e+12 5.48074340e+11 5.60740791e+11
  4.56935650e+12 4.28068502e+13 1.52797123e+14 1.59889167e+14
  1.13000922e+14 1.39912906e+14 1.60865655e+14 1.36893335e+14
  1.25501639e+14 1.39698122e+14 5.27242697e+13 5.30590140e+12
  3.88038702e+11 5.24856438e+11 3.65814662e+12 4.01272976e+11]
 [3.58452670e+11 7.06439799e+11 2.05215419e+11 1.85595837e+11
  1.55629455e+12 1.72430303e+13 7.43511566e+13 8.27432350e+13
  4.69395805e+13 4.49715239e+13 5.68538651e+13 6.41615032e+13
  5.52753268e+13 6.37435604e+13 2.47990267e+13 2.02111286e+12
  9.41693928e+10 1.89782176e+11 1.84252439e+12 3.58452670e+11]
 [1.68219120e+11 1.49536112e+11 2.30160545e+11 5.34674692e+11
  2.18187187e+12 6.98572515e+12 1.44795097e+13 2.39174106e+13
  3.54169085e+13 9.06216339e+13 1.30104622e+14 5.55583436e+13
  1.30921329e+13 1.13344668e+13 1.25859911e+13 3.25055151e+12
  1.65111150e+11 2.01763443e+11 8.19387872e+11 1.68219120e+11]
 [8.71552398e+09 6.16712134e+09 3.43398097e+10 1.08253563e+11
  3.80360829e+11 6.56034941e+11 4.51960525e+11 1.94999988e+12
  5.43732835e+12 1.39248640e+13 2.37784605e+13 9.72198358e+12
  8.57893096e+11 3.09346155e+11 1.66338472e+12 6.37546383e+11
  1.47073404e+10 2.77107363e+10 1.11212955e+11 8.71552398e+09]
 [1.66856681e+09 3.89224538e+09 1.56801609e+10 6.72340784e+10
  2.49377852e+11 1.88383485e+11 1.05312129e+11 9.83937970e+11
  3.07847723e+12 5.62911761e+12 1.23527650e+13 5.94460223e+12
  3.63531431e+11 5.77994286e+10 8.45491585e+11 4.24131440e+11
  3.30034965e+09 1.11922838e+10 7.07536449e+10 1.66856681e+09]
 [2.34989560e+11 9.38001075e+10 5.33890695e+10 3.02524534e+11
  1.48516449e+12 2.73315732e+11 1.44105225e+12 7.11030930e+12
  1.51591508e+13 1.24007554e+13 4.03865428e+13 2.79456277e+13
  2.66929641e+12 5.01570617e+11 3.45910087e+12 2.22353414e+12
  3.79332426e+10 3.41804567e+10 4.43841498e+11 2.34989560e+11]
 [1.31479831e+12 3.18119189e+11 3.06165909e+10 1.52740983e+11
  1.24145573e+12 3.18832505e+11 2.19429508e+12 1.25144800e+13
  1.33330041e+13 2.25428614e+12 1.18022740e+13 1.96979032e+13
  6.65533222e+12 1.40284482e+11 2.45909452e+12 1.51906177e+12
  6.60211109e+10 2.28273733e+10 6.05219389e+11 1.31479831e+12]]