[[2.41435867e+12 4.96942663e+11 4.05724666e+10 1.99425428e+11
  1.84927284e+12 5.61269749e+11 4.12584827e+12 2.10904894e+13
  1.86318180e+13 2.89828570e+12 1.64905925e+13 3.26001319e+13
  1.24347635e+13 2.51650192e+11 3.69001985e+12 1.97785244e+12
  8.77534913e+10 3.52470276e+10 1.09346242e+12 2.45121139e+12]
 [1.70988107e+12 8.63400705e+10 6.74868404e+09 8.54840274e+10
  1.24488860e+12 6.39061681e+11 1.06428177e+13 1.67226741e+13
  3.47324510e+12 2.13967513e+12 2.25793530e+13 4.27926478e+13
  1.28265633e+13 2.74206605e+12 1.95590953e+12 2.71277354e+11
  1.36895050e+10 3.51316116e+10 1.31280019e+12 1.88084882e+12]
 [1.79034071e+11 2.79159800e+09 7.27657051e+07 1.12296282e+10
  1.62808802e+11 4.10662019e+11 2.91911832e+12 2.82828059e+12
  2.14551003e+11 3.73582985e+11 5.03875573e+12 7.74525621e+12
  2.40020530e+12 1.13667142e+12 3.00517486e+11 4.43584500e+09
  7.78308122e+08 9.21874681e+09 2.10950021e+11 1.99523047e+11]
 [1.34482064e+11 5.59997123e+09 6.57476894e+09 2.64535953e+10
  2.18451571e+11 1.09532086e+12 5.05339110e+12 4.86079382e+12
  1.58521062e+12 2.64245855e+12 9.56340670e+12 1.01444395e+13
  3.79452902e+12 2.70233707e+12 9.72767104e+11 1.12502864e+11
  4.22435844e+09 1.93106263e+10 2.47077442e+11 1.45468352e+11]
 [3.25375286e+11 2.18171558e+11 2.13388751e+11 3.64281653e+11
  1.33456906e+12 5.69336035e+12 2.40069836e+13 4.18484003e+13
  3.87598430e+13 6.84385619e+13 8.04372852e+13 3.78432965e+13
  1.63203436e+13 2.20396568e+13 1.66024065e+13 2.79233096e+12
  1.07864684e+11 1.25561406e+11 7.59390078e+11 3.08997358e+11]
 [2.29903566e+11 1.46991284e+12 9.96901434e+11 1.26654617e+12
  2.85438645e+12 6.94723298e+11 2.23337374e+13 1.15157917e+14
  1.66667693e+14 3.07156158e+14 2.16844402e+14 2.23198542e+13
  4.29526297e+12 5.50283821e+13 6.24039261e+13 1.13245484e+13
  5.71926243e+11 2.16555502e+11 2.17233419e+09 1.65752371e+11]
 [4.66376423e+11 4.09621490e+12 1.75826023e+12 2.28337810e+12
  1.08617919e+13 5.03877997e+13 1.58804294e+14 2.42027903e+14
  2.94193708e+14 5.60863239e+14 5.12081521e+14 2.03885703e+14
  1.26405163e+14 1.75920311e+14 1.10061032e+14 1.87029267e+13
  1.50569006e+12 1.05802102e+12 3.96568334e+12 4.38235890e+11]
 [1.63408370e+12 6.59167622e+12 1.20337664e+12 2.65674850e+12
  3.55020393e+13 2.76009109e+14 6.49240058e+14 4.28860858e+14
  2.32143613e+14 4.85343523e+14 1.04966798e+15 8.49991791e+14
  6.58501889e+14 4.89332540e+14 1.12805281e+14 1.27096537e+13
  2.59699355e+12 3.93363382e+12 1.96357976e+13 1.76274319e+12]
 [3.92494423e+12 8.35558693e+12 6.38483761e+10 2.69138590e+12
  6.58698729e+13 5.60882462e+14 1.20603001e+15 6.03216387e+14
  8.37504598e+13 2.57101523e+14 1.58319388e+15 1.55376494e+15
  1.32223172e+15 8.43048053e+14 9.59350124e+13 1.30256285e+12
  3.56943800e+12 7.41100611e+12 3.73676440e+13 4.37269733e+12]
 [4.84301913e+12 1.11346637e+13 8.47084021e+11 3.47211686e+12
  7.06430674e+13 5.74629110e+14 1.21550155e+15 6.56955485e+14
  2.12066104e+14 4.94061852e+14 1.69326725e+15 1.53990829e+15
  1.35355150e+15 8.93779908e+14 1.34101570e+14 9.25667379e+12
  4.44836071e+12 7.74205487e+12 3.70945500e+13 5.33534141e+12]
 [2.93525378e+12 1.42990623e+13 3.55863863e+12 4.85544361e+12
  4.42653017e+13 2.77596728e+14 6.41611591e+14 5.74850404e+14
  6.13791355e+14 1.18212119e+15 1.34014694e+15 7.87574336e+14
  6.62441644e+14 5.99213087e+14 2.21518714e+14 3.64321722e+13
  4.95317747e+12 4.44636444e+12 1.77631202e+13 2.99883289e+12]
 [9.91281974e+11 1.38087404e+13 4.98045905e+12 5.24423168e+12
  1.89547116e+13 2.75709107e+13 1.46823072e+14 4.49583761e+14
  8.11429818e+14 1.51004669e+15 9.25485419e+14 1.47511312e+14
  7.84180852e+13 3.07012713e+14 2.58031147e+14 5.07141369e+13
  4.45289890e+12 1.47335547e+12 1.58382523e+12 7.79736138e+11]
 [6.08175287e+11 8.85251230e+12 3.47756621e+12 3.88400597e+12
  1.45776245e+13 3.45847326e+13 1.41935578e+14 3.53073609e+14
  5.68811441e+14 1.06934206e+15 7.28900761e+14 1.57148970e+14
  9.13557183e+13 2.39891215e+14 1.91229139e+14 3.58116048e+13
  2.97582877e+12 1.22418339e+12 2.28311723e+12 5.06276425e+11]
 [7.29556336e+11 3.58556439e+12 1.13860215e+12 1.92607430e+12
  1.62989239e+13 1.13729437e+14 3.04218877e+14 2.64850973e+14
  2.01850709e+14 4.00311134e+14 6.06551397e+14 4.12566725e+14
  2.77930532e+14 2.44280271e+14 8.71919643e+13 1.22158556e+13
  1.41487429e+12 1.77982824e+12 9.11513954e+12 7.60561752e+11]
 [9.82523570e+11 9.21005024e+11 8.95539047e+10 6.85842292e+11
  1.04823372e+13 8.77473331e+13 2.49470263e+14 1.53594798e+14
  2.83350043e+13 7.06077252e+13 3.69887677e+14 3.75046940e+14
  2.21479288e+14 1.55156030e+14 2.57040408e+13 1.14610656e+12
  4.63706376e+11 1.23722971e+12 8.67297211e+12 1.08751304e+12]
 [7.94049192e+11 1.45640274e+11 9.82484445e+09 2.11952899e+11
  3.04657030e+12 2.32073809e+13 7.89188961e+13 5.22246258e+13
  5.91172067e+12 1.56391086e+13 1.19231061e+14 1.33966416e+14
  6.43618445e+13 4.41416915e+13 7.35279170e+12 1.71695957e+11
  9.05872441e+10 3.42621720e+11 3.16646979e+12 8.82999070e+11]
 [1.21336276e+11 5.90869657e+09 8.68048402e+09 2.84256000e+10
  1.98379961e+11 9.47328156e+11 4.44162257e+12 4.72507365e+12
  1.96889191e+12 3.16861435e+12 9.10359616e+12 8.86470870e+12
  3.28949120e+12 2.48703421e+12 1.08276083e+12 1.47070753e+11
  4.32276196e+09 1.72437341e+10 2.13359053e+11 1.29368234e+11]
 [6.06475469e+10 4.41337038e+09 7.59697119e+09 2.07236008e+10
  6.02055056e+10 6.55213137e+10 6.52308239e+11 2.18963074e+12
  1.93498612e+12 2.02497473e+12 3.18417497e+12 1.54793771e+12
  4.04400908e+11 4.96967904e+11 7.54589266e+11 1.83735128e+11
  9.49478732e+08 2.68598395e+09 3.23998939e+10 5.45308324e+10]
 [4.35565593e+11 1.31704295e+11 4.31210741e+10 1.48208643e+11
  3.66079256e+11 1.14330732e+10 1.11041686e+12 1.28048736e+13
  1.50127150e+13 7.45083936e+12 1.37271768e+13 3.10973714e+12
  3.86243358e+11 1.03608933e+12 4.28433957e+12 1.62315865e+12
  1.65782427e+10 6.80690657e+09 1.27511947e+10 3.20149034e+11]
 [2.09134333e+12 5.18663234e+11 4.65285916e+10 2.10614014e+11
  1.62302650e+12 4.35076669e+11 3.35709226e+12 2.04852886e+13
  2.09927511e+13 3.22597451e+12 1.56126015e+13 2.60935284e+13
  9.71245475e+12 2.26379241e+11 3.97532528e+12 2.26229883e+12
  8.95297785e+10 2.98453214e+10 8.43188341e+11 2.05560294e+12]]