[[7.79828986e+10 2.38221791e+10 1.97445434e+09 6.41185394e+09
  2.99891770e+10 7.85850520e+09 1.05068970e+11 8.99790397e+11
  9.48200136e+11 1.15442044e+11 3.51066032e+11 4.24633429e+11
  2.44054496e+11 9.04936227e+09 1.83545191e+11 9.15183599e+10
  2.47260072e+09 5.10766106e+08 1.68398840e+10 7.08923992e+10]
 [3.16453265e+11 7.62507136e+09 2.90802576e+09 5.00519596e+10
  5.12020045e+11 1.96479523e+11 2.35378148e+12 2.09365980e+12
  4.89663164e+11 1.42237542e+12 1.05689624e+13 1.47411880e+13
  3.27634829e+12 4.53321171e+11 1.54710942e+11 1.60963942e+11
  7.40569700e+09 1.35787361e+10 3.79956255e+11 3.81469805e+11]
 [9.91912046e+10 4.90360167e+08 1.48804233e+09 2.61063439e+10
  2.14320794e+11 3.88241864e+11 1.95497369e+12 9.76279968e+11
  7.04488010e+10 1.44908615e+12 7.87105091e+12 8.28744160e+12
  1.86762858e+12 5.55419209e+11 2.72523000e+10 6.15524192e+10
  1.53398140e+09 1.12548626e+10 1.87047246e+11 1.21973221e+11]
 [1.46670165e+11 1.08739341e+09 5.25684091e+09 7.24247151e+10
  5.63005982e+11 2.23617111e+12 7.05998219e+12 2.69183659e+12
  1.34532059e+11 6.12199785e+12 2.61756059e+13 2.29932128e+13
  6.33872043e+12 2.47769255e+12 5.35254958e+10 1.54178192e+11
  1.18016629e+10 4.78329710e+10 4.74322046e+11 1.80865093e+11]
 [6.24130700e+11 3.12791467e+10 6.12567397e+10 6.67385683e+11
  5.72308001e+12 3.15371257e+13 7.55707320e+13 2.46803347e+13
  1.51231996e+12 7.33824033e+13 2.63247251e+14 2.05807641e+14
  7.18758246e+13 3.03840737e+13 5.99460442e+11 1.40137775e+12
  2.47100376e+11 5.98632253e+11 4.03547015e+12 7.69251776e+11]
 [4.22639046e+11 1.26608943e+11 1.27177348e+11 1.06669501e+12
  1.05797775e+13 6.49990060e+13 1.30586673e+14 4.04961535e+13
  5.29227901e+12 1.39771750e+14 4.31841636e+14 3.13007818e+14
  1.35130226e+14 5.85662497e+13 2.11356676e+12 2.40482375e+12
  6.46438360e+11 1.16718728e+12 6.03156453e+12 5.18094021e+11]
 [8.09397525e+10 2.07494392e+11 9.47436404e+10 3.37723120e+11
  3.42232376e+12 2.13018118e+13 4.12762967e+13 1.97918190e+13
  1.19182776e+13 5.63836195e+13 1.24424444e+14 8.28943758e+13
  4.40690234e+13 2.39442796e+13 4.69192001e+12 1.24028245e+12
  2.67117779e+11 3.71606473e+11 1.62676991e+12 9.35709223e+10]
 [1.32863213e+11 4.16660749e+11 1.54578024e+11 4.84964379e+11
  5.41788106e+12 3.33640029e+13 5.98975149e+13 2.87111716e+13
  2.00119587e+13 8.71231797e+13 1.74457174e+14 1.12998401e+14
  6.81259621e+13 3.71437683e+13 7.41670304e+12 1.92721336e+12
  4.63333160e+11 5.73173417e+11 2.25527376e+12 1.52560224e+11]
 [1.53733880e+12 1.18987619e+12 6.47035191e+11 4.37434539e+12
  6.06577344e+13 3.71187578e+14 5.67927905e+14 1.51518513e+14
  2.68095504e+13 6.91235871e+14 1.73026130e+15 1.16319880e+15
  7.21524741e+14 2.92754613e+14 9.00852643e+12 1.09264570e+13
  4.92154544e+12 6.32928396e+12 2.32040304e+13 1.88388907e+12]
 [4.11513909e+12 2.21699993e+12 1.32321197e+12 9.81628008e+12
  1.42804223e+14 8.66192826e+14 1.27916223e+15 3.16503975e+14
  3.02806375e+13 1.54911151e+15 3.88072026e+15 2.60865466e+15
  1.67456401e+15 6.55987686e+14 9.28938439e+12 2.35510840e+13
  1.16932876e+13 1.47197510e+13 5.24862097e+13 5.07167545e+12]
 [4.56393478e+12 2.38704989e+12 1.45080773e+12 1.08936503e+13
  1.58656370e+14 9.62405891e+14 1.42010822e+15 3.49092930e+14
  3.00668354e+13 1.71652069e+15 4.31047602e+15 2.89856018e+15
  1.85998436e+15 7.26815728e+14 9.07370413e+12 2.59835948e+13
  1.29820446e+13 1.63548195e+13 5.83121528e+13 5.62810614e+12]
 [2.22747345e+12 1.48292033e+12 8.78392753e+11 6.36256701e+12
  8.88521619e+13 5.43934867e+14 8.28066575e+14 2.12498014e+14
  2.64222724e+13 9.96085325e+14 2.53070805e+15 1.70508673e+15
  1.05523197e+15 4.21643309e+14 8.60859418e+12 1.53493452e+13
  7.17695080e+12 9.27509013e+12 3.39882556e+13 2.73953922e+12]
 [3.74204882e+11 5.38154630e+11 2.61592997e+11 1.44078390e+12
  1.79927477e+13 1.11564834e+14 1.84490272e+14 5.87924686e+13
  1.98327808e+13 2.29213704e+14 5.64838464e+14 3.79979518e+14
  2.20287645e+14 9.71214692e+13 7.22321150e+12 3.99509624e+12
  1.43046932e+12 1.91739460e+12 7.48487808e+12 4.51783044e+11]
 [1.90275208e+10 1.80052812e+11 6.55848172e+10 5.94457784e+10
  1.54791039e+11 7.84543537e+11 5.56282577e+12 1.07329394e+13
  1.19674235e+13 1.73202806e+13 9.45237122e+12 2.48091028e+12
  3.41573809e+12 7.50725494e+12 4.74834380e+12 6.59617068e+11
  3.52723512e+10 1.35011762e+10 7.48702784e+10 1.68102343e+10]
 [2.45587600e+11 9.71114752e+10 8.44809203e+10 6.14427971e+11
  5.99563668e+12 3.68014125e+13 7.48024904e+13 2.52398770e+13
  5.36590101e+12 8.22180255e+13 2.45584352e+14 1.77087421e+14
  7.68611438e+13 3.44907437e+13 2.20411468e+12 1.49373943e+12
  3.70161655e+11 6.60807134e+11 3.41843210e+12 2.98580196e+11]
 [5.13876664e+11 2.73814262e+10 5.16777731e+10 5.48748151e+11
  4.69422508e+12 2.58640823e+13 6.20844987e+13 2.05618276e+13
  1.52980205e+12 6.05359636e+13 2.16034309e+14 1.68767411e+14
  5.89865978e+13 2.50696807e+13 6.22281586e+11 1.16680163e+12
  2.02992446e+11 4.90943598e+11 3.31004479e+12 6.32555433e+11]
 [1.49762669e+11 1.10398384e+09 5.35592809e+09 7.39605628e+10
  5.75068342e+11 2.28410808e+12 7.21023106e+12 2.74570632e+12
  1.34327860e+11 6.25001487e+12 2.67352062e+13 2.34863463e+13
  6.47421884e+12 2.52946172e+12 5.32541134e+10 1.57272404e+11
  1.20528793e+10 4.88584042e+10 4.84483810e+11 1.84699275e+11]
 [1.27041255e+11 5.77511739e+08 1.84210369e+09 3.35004926e+10
  2.75981910e+11 5.00037907e+11 2.51169678e+12 1.22977136e+12
  6.95331688e+10 1.85088017e+12 1.01281195e+13 1.06755258e+13
  2.40309010e+12 7.09234724e+11 2.61319898e+10 7.76017093e+10
  1.97096635e+09 1.44959177e+10 2.40857176e+11 1.56502570e+11]
 [6.16231900e+11 1.00628756e+10 4.61957627e+09 9.89034952e+10
  1.04015478e+12 3.99777464e+11 4.69491614e+12 3.64870399e+12
  4.83521747e+11 2.71461514e+12 2.13422701e+13 3.00326618e+13
  6.61400639e+12 8.63520089e+11 1.48966115e+11 2.81972431e+11
  1.47804144e+10 2.76312790e+10 7.71754045e+11 7.53144572e+11]
 [1.53971223e+11 2.49894094e+10 2.25472761e+09 1.51258113e+10
  1.65955591e+11 4.87342605e+10 2.93873592e+11 1.14000530e+12
  9.46943625e+11 1.95170798e+11 1.41960181e+12 2.93189799e+12
  9.74432489e+11 1.51257151e+10 1.82841270e+11 1.16979491e+11
  7.00732068e+09 3.19067780e+09 9.22653716e+10 1.65105060e+11]]