[[4.07989712e+11 9.58089721e+10 9.97813469e+09 5.46145077e+10
  4.64026038e+11 1.15126132e+11 7.10922740e+11 3.75171188e+12
  4.18170852e+12 7.79583050e+11 4.36955518e+12 7.28803527e+12
  2.26181046e+12 4.27984180e+10 7.48156575e+11 5.05448483e+11
  2.39465513e+10 8.53275666e+09 2.14662580e+11 4.16052383e+11]
 [1.43498609e+11 3.35708752e+10 3.11143578e+10 2.25405899e+11
  1.33869961e+12 3.02979997e+11 1.63235640e+12 1.95188609e+12
  7.63425488e+12 8.48652019e+12 3.37862423e+13 2.84037552e+13
  3.31159942e+12 1.89222547e+11 1.41974090e+12 1.37712292e+12
  2.94332843e+10 3.20531059e+10 5.14942925e+11 2.10824981e+11]
 [1.04156366e+10 1.66633844e+09 1.19123052e+10 6.55072862e+10
  3.00314237e+11 3.09675763e+11 5.64073938e+11 2.03518166e+11
  2.01200078e+12 5.02666333e+12 1.36354287e+13 8.41123111e+12
  9.11904675e+11 2.22210903e+10 4.37496488e+11 3.42547773e+11
  3.35577794e+09 1.41622842e+10 1.29198364e+11 2.30652111e+10]
 [9.62076845e+09 2.93080719e+09 3.17887605e+10 1.30181061e+11
  5.62112115e+11 1.26666744e+12 1.41456659e+12 3.39595783e+11
  4.25983561e+12 1.53120800e+13 3.23539301e+13 1.65990328e+13
  2.18430758e+12 3.86683055e+10 9.94413760e+11 6.30503769e+11
  1.84609941e+10 4.28612003e+10 2.32365714e+11 2.31204172e+10]
 [5.50466049e+10 7.08050447e+10 2.66323386e+11 8.54455473e+11
  4.07237034e+12 1.29609773e+13 1.26809508e+13 5.05882510e+12
  3.24154288e+13 1.31110388e+14 2.31540244e+14 1.06647461e+14
  1.87775923e+13 2.03502446e+12 7.93157923e+12 4.11283203e+12
  2.75108919e+11 3.82926968e+11 1.44780369e+12 9.48499135e+10]
 [8.91782113e+10 2.75123911e+11 3.04106754e+11 7.28282663e+11
  4.04532508e+12 1.62593625e+13 2.47894953e+13 2.18251425e+13
  4.05497797e+13 1.35430193e+14 2.01588884e+14 9.18309723e+13
  2.74470149e+13 1.48965293e+13 1.25065199e+13 3.90408451e+12
  3.82048536e+11 4.06192614e+11 1.39634267e+12 1.00542527e+11]
 [1.09968626e+11 6.63735170e+11 1.42239068e+11 5.80747605e+10
  3.37853054e+11 7.42588229e+12 3.85496668e+13 4.73768361e+13
  3.27222696e+13 2.40560630e+13 9.01630061e+12 1.82274534e+13
  2.82619027e+13 3.95595563e+13 1.58857138e+13 1.24742697e+12
  2.97376153e+10 4.83537174e+10 7.04328566e+11 1.06017525e+11]
 [1.75509031e+11 1.92852908e+12 1.69947317e+12 3.66811442e+12
  2.64841987e+13 1.01253148e+14 9.67418870e+13 6.05917455e+13
  2.05738624e+14 7.84620848e+14 1.01361855e+15 4.19608545e+14
  1.44128705e+14 4.98518707e+13 4.95837828e+13 2.02068259e+13
  3.20093450e+12 2.55818360e+12 6.10357067e+12 2.17241708e+11]
 [2.50565263e+11 4.49541136e+12 5.82369792e+12 1.30750207e+13
  1.01915013e+14 3.57674183e+14 2.08925986e+14 5.17056390e+13
  6.43191598e+14 2.83572060e+15 3.58701650e+15 1.42052286e+15
  4.32424648e+14 2.87991053e+13 1.21197250e+14 7.04243715e+13
  1.28509011e+13 9.55949490e+12 1.94274416e+13 4.80759147e+11]
 [2.93343937e+11 6.50890494e+12 8.94481522e+12 1.99722441e+13
  1.61565376e+14 5.55584961e+14 2.87966320e+14 4.23591157e+13
  9.73480637e+14 4.37851867e+15 5.43458385e+15 2.13357862e+15
  6.51891356e+14 8.99206502e+12 1.71955758e+14 1.08345685e+14
  2.07139060e+13 1.49462435e+13 2.91010420e+13 7.22323073e+11]
 [3.31841483e+11 5.74450200e+12 7.29458930e+12 1.61486692e+13
  1.30613148e+14 4.52627706e+14 2.50590928e+14 5.45152312e+13
  8.02780345e+14 3.54669092e+15 4.39088657e+15 1.73008839e+15
  5.41585404e+14 2.75842489e+13 1.46045450e+14 8.80811697e+13
  1.67402493e+13 1.20911305e+13 2.38060222e+13 6.74704021e+11]
 [3.09764786e+11 3.17812902e+12 2.83149620e+12 6.01884461e+12
  4.68637700e+13 1.72817930e+14 1.39943640e+14 7.44518069e+13
  3.33987538e+14 1.32097544e+15 1.64306562e+15 6.66323759e+14
  2.33903320e+14 6.26320659e+13 7.31522030e+13 3.35786219e+13
  5.89675334e+12 4.41560664e+12 9.62599212e+12 4.07533048e+11]
 [1.96211240e+11 1.38239380e+12 3.15423377e+11 2.75921732e+11
  1.93104774e+12 1.75707197e+13 6.37029674e+13 7.18124708e+13
  6.26824019e+13 7.85971664e+13 6.55454201e+13 4.80244871e+13
  5.36082221e+13 6.55958672e+13 2.63390707e+13 2.97991657e+12
  2.18939373e+11 2.10940365e+11 1.35054469e+12 1.91634374e+11]
 [1.04657815e+11 7.87089648e+11 5.19356981e+11 1.04567791e+12
  6.71789880e+12 2.93813374e+13 4.80199965e+13 4.39977531e+13
  7.19604723e+13 2.18155160e+14 2.88235452e+14 1.30146836e+14
  5.24464080e+13 3.52448784e+13 2.26640705e+13 6.08477540e+12
  7.44592423e+11 6.73667648e+11 2.11480225e+12 1.12586665e+11]
 [7.39907965e+10 4.07719954e+11 8.56309688e+11 2.33337326e+12
  1.29961239e+13 4.64335060e+13 3.95820817e+13 1.61343477e+13
  9.93298299e+13 4.21404874e+14 6.53930045e+14 2.81004848e+14
  6.21110996e+13 8.57676915e+12 2.33843100e+13 1.14940536e+13
  1.23389941e+12 1.29042013e+12 3.77133809e+12 1.19328407e+11]
 [4.55890500e+10 8.83259489e+10 3.90210411e+11 1.27549873e+12
  6.08126882e+12 1.90316806e+13 1.62571665e+13 3.52256698e+12
  4.63731874e+13 1.94942165e+14 3.46200763e+14 1.58200018e+14
  2.64453508e+13 6.40009593e+11 1.06731509e+13 6.06701509e+12
  4.11108002e+11 5.70970029e+11 2.10712041e+12 1.06548316e+11]
 [9.88604248e+09 2.85623045e+09 3.05072427e+10 1.24730354e+11
  5.38559663e+11 1.21537026e+12 1.37472430e+12 3.59689912e+11
  4.09680252e+12 1.46759852e+13 3.09948947e+13 1.59126902e+13
  2.10370003e+12 5.22575835e+10 9.61811787e+11 6.04726816e+11
  1.76864125e+10 4.10706162e+10 2.23130001e+11 2.27922899e+10]
 [1.28046048e+10 1.27457757e+09 7.33314647e+09 3.92655358e+10
  1.79917358e+11 1.90043219e+11 4.16444735e+11 2.98073840e+11
  1.28095692e+12 3.03021709e+12 8.15395156e+12 5.08749781e+12
  5.93360379e+11 6.25972786e+10 3.02910305e+11 2.08845971e+11
  2.00841132e+09 8.50284008e+09 8.02921796e+10 2.01102072e+10]
 [1.69213522e+11 2.26125384e+10 8.97847278e+09 5.20323500e+10
  3.07486140e+11 8.54316005e+10 1.01154536e+12 2.53193833e+12
  2.73092635e+12 2.06560047e+12 7.62237662e+12 7.12109693e+12
  1.32603762e+12 2.96898737e+11 7.29597787e+11 3.69037651e+11
  6.69463361e+09 7.51492967e+09 1.58850005e+11 1.79017246e+11]
 [4.14507965e+11 9.05620769e+10 6.35329462e+09 2.36887714e+10
  1.98543788e+11 7.13851327e+10 6.60856421e+11 3.84131524e+12
  3.17850552e+12 3.83424417e+11 1.77452800e+12 3.79842689e+12
  1.82731100e+12 4.43934454e+10 6.63592480e+11 2.93339466e+11
  9.96453580e+09 3.85316624e+09 1.46110682e+11 4.07989712e+11]]