[[1.63143924e+12 3.32079398e+11 2.58128223e+10 1.22007811e+11
  1.14397576e+12 3.62303106e+11 2.76692179e+12 1.42351570e+13
  1.21163355e+13 1.79176436e+12 1.00976988e+13 2.06632302e+13
  8.23396497e+12 1.70293091e+11 2.44645761e+12 1.24462804e+12
  5.35827812e+10 2.19665097e+10 7.12384870e+11 1.65150617e+12]
 [2.07739517e+12 1.36803089e+11 1.01222975e+10 4.84070433e+10
  9.26703491e+11 5.92195678e+11 1.19135374e+13 2.35391354e+13
  6.38835754e+12 1.34407690e+12 1.50387275e+13 3.66289915e+13
  1.33092480e+13 3.48944110e+12 3.30699065e+12 2.99822358e+11
  8.09856437e+09 2.75226199e+10 1.26487929e+12 2.19415650e+12]
 [2.79639005e+11 6.38892621e+09 1.14461478e+09 4.76967856e+09
  1.43489655e+11 4.73162976e+11 4.14967995e+12 5.33319500e+12
  9.54844720e+11 4.60470983e+10 3.72845644e+12 8.14690156e+12
  3.13566487e+12 1.87731366e+12 7.97318134e+11 9.78076648e+09
  4.29367446e+08 8.69853506e+09 2.53880336e+11 2.97255211e+11]
 [2.41594604e+11 9.75297773e+09 3.64833176e+09 1.03631762e+10
  2.24076317e+11 1.57733338e+12 8.68708442e+12 8.92339305e+12
  1.86411311e+12 5.03864612e+11 7.64583903e+12 1.31531251e+13
  6.15047456e+12 4.92968697e+12 1.57534094e+12 3.48343668e+10
  2.25475807e+09 2.17579385e+10 3.72132007e+11 2.56353173e+11]
 [5.68983301e+11 1.90201065e+11 8.69439761e+10 1.69678551e+11
  1.53842588e+12 1.22485651e+13 5.01594290e+13 4.96517751e+13
  2.06505502e+13 2.56125252e+13 6.44050764e+13 6.79983947e+13
  3.73937126e+13 3.42289453e+13 1.22286124e+13 1.04499690e+12
  5.95747007e+10 1.71587697e+11 1.71847905e+12 5.94381485e+11]
 [1.24257979e+11 5.94450252e+11 4.37515475e+11 6.91938207e+11
  2.59957019e+12 7.72385616e+12 2.06445841e+13 4.80531512e+13
  6.95688656e+13 1.50957408e+14 1.51172549e+14 4.75497188e+13
  1.52965978e+13 2.60006244e+13 2.53150305e+13 5.13839236e+12
  3.34723757e+11 2.41417618e+11 6.63953830e+11 1.09416034e+11]
 [1.87013555e+11 1.92450037e+12 9.63137000e+11 1.37584490e+12
  6.51492696e+12 2.46854120e+13 6.28402569e+13 1.05998050e+14
  1.52522647e+14 3.28117342e+14 3.13187688e+14 1.11180715e+14
  5.25269336e+13 7.22811308e+13 5.35655148e+13 1.05038144e+13
  9.16183987e+11 6.20392618e+11 1.82691323e+12 1.73434996e+11]
 [1.68474872e+12 7.68884772e+12 1.11961999e+12 1.59206150e+12
  2.45131972e+13 2.28700997e+14 6.30240230e+14 4.81405846e+14
  2.57991980e+14 3.15894713e+14 6.71118460e+14 6.57596989e+14
  6.01184745e+14 5.20084286e+14 1.32192490e+14 1.03641784e+13
  1.56673266e+12 2.82682413e+12 1.68295565e+13 1.76555049e+12]
 [5.64945063e+12 1.78876072e+13 8.06430117e+11 1.29601867e+12
  5.44572717e+13 5.95747510e+14 1.57748455e+15 1.05463034e+15
  3.57904492e+14 9.60998717e+13 1.12526444e+15 1.51225755e+15
  1.58903489e+15 1.28496504e+15 2.39846125e+14 4.29737786e+12
  2.02535319e+12 6.51787070e+12 4.14124273e+13 5.99784933e+12]
 [8.31832005e+12 2.30933056e+13 8.02379072e+11 1.33409185e+12
  6.82998625e+13 7.51613488e+14 1.93861123e+15 1.26739142e+15
  4.17535740e+14 4.94332794e+13 1.32003271e+15 1.82667136e+15
  2.00348018e+15 1.59623617e+15 2.84934539e+14 3.17243913e+12
  2.38464993e+12 8.11562126e+12 5.07255990e+13 8.84050283e+12]
 [5.40134919e+12 1.69639263e+13 1.50601920e+12 2.09861301e+12
  4.92879731e+13 4.86422747e+14 1.24241648e+15 8.65113122e+14
  4.14748452e+14 3.69322107e+14 1.08761415e+15 1.21099122e+15
  1.27995532e+15 1.04886595e+15 2.23203175e+14 1.25485505e+13
  2.68306262e+12 5.63394788e+12 3.25980316e+13 5.69615189e+12]
 [1.16388466e+12 7.32495396e+12 2.08227555e+12 2.70689619e+12
  2.06429652e+13 1.19606545e+14 2.92544281e+14 3.01898959e+14
  3.52855638e+14 6.78612360e+14 6.92370450e+14 3.61435595e+14
  2.86882887e+14 2.88892965e+14 1.25378699e+14 2.13453971e+13
  2.54759406e+12 2.04678647e+12 7.85704124e+12 1.16263011e+12]
 [1.16136021e+11 3.30965174e+12 1.70976523e+12 2.27032808e+12
  9.43183425e+12 1.31571277e+13 1.48213450e+13 1.10082108e+14
  2.55656079e+14 5.87404154e+14 4.59994218e+14 9.06020218e+13
  7.43781772e+12 5.65672028e+13 7.68119151e+13 1.83348313e+13
  1.79067380e+12 7.86592763e+11 5.57512005e+11 7.46632485e+10]
 [5.89415318e+11 2.91362058e+12 8.02337625e+11 1.17837433e+12
  1.04337635e+13 8.12368751e+13 2.39244929e+14 2.17820922e+14
  1.53163350e+14 2.53474325e+14 3.75366363e+14 2.81956952e+14
  2.11159270e+14 1.99309037e+14 6.97149639e+13 8.26564009e+12
  8.62499997e+11 1.16391750e+12 6.65568770e+12 6.07204279e+11]
 [1.27501304e+12 1.65767412e+12 2.02061567e+11 3.71001454e+11
  8.09744886e+12 8.54444935e+13 2.96187405e+14 2.36376733e+14
  7.05286586e+13 4.09825900e+13 2.51903370e+14 3.36207516e+14
  2.42667167e+14 2.12059913e+14 5.12313882e+13 1.62661852e+12
  2.70751671e+11 1.00999102e+12 8.79478065e+12 1.34987332e+12]
 [1.28558513e+12 3.30692766e+11 3.41197650e+10 8.54912433e+10
  2.77235822e+12 2.78850962e+13 1.16773916e+14 1.00490655e+14
  2.08784602e+13 1.06528900e+12 8.99385660e+13 1.46661727e+14
  8.76884956e+13 7.52994080e+13 1.87604127e+13 1.40823397e+11
  4.93614752e+10 3.35035331e+11 3.97565818e+12 1.36684296e+12]
 [2.21494710e+11 9.15498269e+09 4.19475838e+09 1.14530411e+10
  2.09609617e+11 1.44520537e+12 7.94493858e+12 8.25842471e+12
  1.86145101e+12 7.48482121e+11 7.34319853e+12 1.21058444e+13
  5.62174903e+12 4.52960669e+12 1.49766667e+12 4.67610066e+10
  2.31292741e+09 2.02015571e+10 3.40513427e+11 2.34686477e+11]
 [9.86261552e+10 3.24758432e+09 3.09712309e+09 1.00166984e+10
  6.95378831e+10 1.65021088e+11 1.39977770e+12 2.20409546e+12
  9.42907834e+11 8.13803216e+11 2.50779880e+12 3.07526295e+12
  1.04625161e+12 6.88603214e+11 4.76666270e+11 7.16427430e+10
  5.30551651e+08 3.77932799e+09 8.64493945e+10 1.02132273e+11]
 [1.28968376e+11 4.89334589e+10 1.95608215e+10 8.30729641e+10
  2.93297837e+11 3.18483716e+10 3.49635063e+11 4.34365924e+12
  6.30829329e+12 3.81331465e+12 9.21235593e+12 4.15407808e+12
  2.85442013e+11 3.19359500e+11 1.66272324e+12 7.66249483e+11
  9.80618594e+09 6.19395808e+09 4.57906867e+10 9.38483654e+10]
 [1.13754919e+12 2.90007070e+11 2.73584185e+10 1.28191391e+11
  9.80907721e+11 2.49637826e+11 1.83433203e+12 1.12699426e+13
  1.20999546e+13 1.94411167e+12 9.51981812e+12 1.53384851e+13
  5.38397224e+12 1.23334083e+11 2.24498348e+12 1.34276795e+12
  5.46327991e+10 1.78989947e+10 4.77696581e+11 1.11911701e+12]]