[[7.80891645e+11 1.97397204e+11 1.67034446e+10 6.88090007e+10
  4.99543489e+11 1.40695516e+11 1.21343395e+12 7.82199415e+12
  7.76798591e+12 1.09484436e+12 4.87139446e+12 8.15971921e+12
  3.36326703e+12 8.54997024e+10 1.50280625e+12 7.97501026e+11
  2.87267845e+10 9.18781491e+09 2.78784969e+11 7.56802822e+11]
 [3.03349741e+11 4.46655315e+10 1.09313335e+10 3.67625837e+10
  1.54419211e+11 5.43016408e+10 1.38687525e+12 5.35030773e+12
  4.13830050e+12 1.79428054e+12 4.18891804e+12 3.77178857e+12
  1.31445143e+12 5.84707351e+11 1.33720969e+12 3.99988722e+11
  4.29474142e+09 3.73261894e+09 1.15501637e+11 2.85228199e+11]
 [7.32881553e+10 1.19665682e+09 2.15194904e+09 1.82281704e+10
  1.33814943e+11 2.40803805e+11 1.31527635e+12 1.06182665e+12
  3.93794431e+11 1.15435303e+12 5.03778429e+12 5.11252454e+12
  1.19686874e+12 4.45552762e+11 1.64985391e+11 6.58365397e+10
  1.02957954e+09 6.97800550e+09 1.16859814e+11 8.54516559e+10]
 [1.22644467e+11 1.23181841e+09 4.99389937e+09 6.01135725e+10
  4.61033270e+11 1.82976839e+12 5.83270856e+12 2.39783858e+12
  2.67267827e+11 5.17331484e+12 2.14962208e+13 1.88029038e+13
  5.20632581e+12 2.09587091e+12 1.16014242e+11 1.36893295e+11
  9.74726046e+09 3.91380470e+10 3.88439922e+11 1.50185104e+11]
 [6.30500772e+11 3.18640482e+10 6.20846658e+10 6.74076069e+11
  5.77857673e+12 3.18423666e+13 7.63197537e+13 2.49716143e+13
  1.57420761e+12 7.41504156e+13 2.65818204e+14 2.07796572e+14
  7.25780436e+13 3.07028357e+13 6.26585235e+11 1.41779902e+12
  2.49547759e+11 6.04425642e+11 4.07460913e+12 7.76971403e+11]
 [5.93388343e+11 2.97699693e+11 2.32464235e+11 1.47009254e+12
  1.40792972e+13 8.63258102e+13 1.77847472e+14 6.55605457e+13
  1.91009441e+13 2.01331801e+14 5.79047858e+14 4.15032779e+14
  1.81263902e+14 8.45659691e+13 7.93983309e+12 3.86723579e+12
  8.79727696e+11 1.54996983e+12 8.02818379e+12 7.14800665e+11]
 [3.08585165e+11 1.36969472e+12 5.52119492e+11 1.19965910e+12
  1.01838729e+13 6.25995195e+13 1.39117032e+14 1.02256602e+14
  8.58380293e+13 2.32883524e+14 3.87110112e+14 2.41079704e+14
  1.37406967e+14 9.95675367e+13 3.39556497e+13 6.35085312e+12
  8.97084464e+11 1.09122229e+12 4.84650351e+12 3.33880747e+11]
 [2.69656581e+11 3.19038799e+12 9.55018576e+11 7.07869543e+11
  9.08361683e+11 2.77727776e+12 6.32916175e+13 1.39725415e+14
  1.75428307e+14 2.36482584e+14 8.28813397e+13 1.55390269e+12
  3.34104511e+13 1.03037709e+14 6.54851092e+13 9.19922374e+12
  4.77197941e+11 4.48402476e+10 3.96096576e+11 2.28066649e+11]
 [1.13374691e+12 4.13773355e+12 1.27639528e+12 2.89452144e+12
  3.16950534e+13 1.91047598e+14 3.48691081e+14 2.06926976e+14
  1.87745759e+14 5.83553872e+14 9.55470864e+14 5.91308573e+14
  3.99539813e+14 2.50153321e+14 6.67343715e+13 1.45776945e+13
  3.00684313e+12 3.25472258e+12 1.21419543e+13 1.25485999e+12]
 [3.24548478e+12 3.28215680e+12 1.40090151e+12 7.59620435e+12
  1.06682527e+14 6.45803182e+14 9.78028483e+14 2.90855440e+14
  9.90565348e+13 1.25458492e+15 2.92108828e+15 1.94177687e+15
  1.26096516e+15 5.32617333e+14 3.35970959e+13 2.14808524e+13
  8.93370704e+12 1.09732449e+13 3.92175107e+13 3.92899232e+12]
 [4.23932768e+12 2.23201450e+12 1.35105460e+12 1.01174465e+13
  1.47314908e+14 8.93596464e+14 1.31880775e+15 3.24660301e+14
  2.86509525e+13 1.59474994e+15 4.00255495e+15 2.69129077e+15
  1.72712013e+15 6.75268081e+14 8.68086450e+12 2.41634686e+13
  1.20559321e+13 1.51854816e+13 5.41438126e+13 5.22712915e+12]
 [2.66202678e+12 2.32804152e+12 1.18601249e+12 7.54732131e+12
  1.03963293e+14 6.35952017e+14 9.77654456e+14 2.70181643e+14
  6.02140968e+13 1.20298897e+15 2.96976956e+15 1.99229098e+15
  1.23849457e+15 5.09740745e+14 2.05326243e+13 1.94553342e+13
  8.47093223e+12 1.08436605e+13 3.97715754e+13 3.25106724e+12]
 [8.04099556e+11 2.44010339e+12 9.13211810e+11 2.94466090e+12
  3.31403860e+13 2.04180700e+14 3.64532033e+14 1.70929055e+14
  1.16424562e+14 5.25201679e+14 1.06526340e+15 6.91799661e+14
  4.15951664e+14 2.23835399e+14 4.31322055e+13 1.14797217e+13
  2.82024379e+12 3.50780099e+12 1.37945544e+13 9.26144901e+11]
 [1.71482619e+11 1.53916000e+12 5.63510759e+11 5.48439552e+11
  1.80850028e+12 9.75803420e+12 5.27689886e+13 9.28597328e+13
  1.02021883e+14 1.53509253e+14 9.77865608e+13 3.31809048e+13
  3.52028063e+13 6.64626562e+13 4.04739475e+13 5.71048502e+12
  3.35400920e+11 1.68677250e+11 8.70473884e+11 1.54800265e+11]
 [2.01313895e+11 4.79861099e+11 2.49144140e+11 4.11705494e+11
  2.32918154e+12 1.37039241e+13 4.29724531e+13 4.97350523e+13
  4.33448608e+13 8.43862185e+13 1.10337347e+14 6.36278606e+13
  3.47728472e+13 3.60768559e+13 1.84002850e+13 2.86247582e+12
  2.10402101e+11 2.45441541e+11 1.33323281e+12 2.02681211e+11]
 [3.86346934e+11 5.59343935e+10 6.58268114e+10 3.96442686e+11
  3.14140545e+12 1.72316477e+13 4.37127338e+13 2.06994443e+13
  7.33110532e+12 4.80472502e+13 1.47008343e+14 1.12033762e+14
  4.01739562e+13 1.99994178e+13 3.26297360e+12 1.15910430e+12
  1.42689071e+11 3.26999881e+11 2.21604002e+12 4.58062759e+11]
 [1.29492714e+11 1.12936433e+09 4.95518969e+09 6.37077353e+10
  4.91951632e+11 1.95322832e+12 6.19598035e+12 2.45371821e+12
  2.00024594e+11 5.43343745e+12 2.29044371e+13 2.00778376e+13
  5.54697482e+12 2.20013626e+12 8.46630789e+10 1.40305648e+11
  1.03558732e+10 4.17797512e+10 4.14474771e+11 1.59130141e+11]
 [1.34961152e+11 6.58452901e+08 2.01363045e+09 3.55318221e+10
  2.91865335e+11 5.28730486e+11 2.66132165e+12 1.32477589e+12
  9.22743361e+10 1.97077345e+12 1.07176255e+13 1.12866129e+13
  2.54304275e+12 7.55343881e+11 3.55627514e+10 8.35359818e+10
  2.08824718e+09 1.53275590e+10 2.54723030e+11 1.66007636e+11]
 [9.67199405e+11 2.96108889e+10 1.02626944e+10 1.51084054e+11
  1.50813946e+12 5.77888164e+11 7.04727151e+12 6.96337114e+12
  2.11591556e+12 4.42003118e+12 3.12996033e+13 4.33059512e+13
  9.70547180e+12 1.41086576e+12 6.73544661e+11 5.33439031e+11
  2.21612030e+10 3.99345515e+10 1.11930342e+12 1.15233476e+12]
 [9.49165224e+11 1.90188981e+11 1.65939522e+10 8.92012444e+10
  8.48053965e+11 2.45969551e+11 1.66992584e+12 8.07117155e+12
  7.35421339e+12 1.25684822e+12 7.56033065e+12 1.46419332e+13
  5.19946967e+12 9.77377406e+10 1.42148655e+12 8.25580014e+11
  3.97128868e+10 1.60917598e+10 4.72028119e+11 9.76598255e+11]]