[[4.18577355e+11 8.44692658e+10 5.69379004e+09 2.27034399e+10
  2.15528825e+11 7.91806449e+10 6.89311958e+11 3.69126386e+12
  2.86846346e+12 3.52343492e+11 1.84468793e+12 4.23780829e+12
  1.96305299e+12 4.40687179e+10 6.10705267e+11 2.63723941e+11
  9.81338664e+09 4.24522350e+09 1.60702149e+11 4.18577355e+11]
 [1.63092991e+11 2.74639263e+10 1.05139094e+10 5.41383151e+10
  2.82333383e+11 7.06501221e+10 8.77025444e+11 2.90226828e+12
  3.30866153e+12 2.25765656e+12 7.35269265e+12 6.09945930e+12
  1.08954674e+12 3.05256240e+11 8.94152329e+11 4.22699248e+11
  6.78834808e+09 6.73115728e+09 1.29953264e+11 1.63092991e+11]
 [8.24366772e+09 2.66575346e+09 9.88091711e+09 4.18223594e+10
  1.56361881e+11 1.24842713e+11 1.59855121e+11 7.82300796e+11
  1.97186599e+12 3.50920891e+12 7.70075096e+12 3.80771339e+12
  2.89033391e+11 8.77347632e+10 5.60311661e+11 2.65933760e+11
  2.05295309e+09 7.05286313e+09 4.84583462e+10 8.24366772e+09]
 [1.82858483e+09 7.06954609e+09 4.18510505e+10 1.33179646e+11
  4.65248119e+11 7.70580610e+11 2.73005779e+11 1.99684615e+12
  6.54819469e+12 1.71040033e+13 2.92072417e+13 1.17082209e+13
  8.78502885e+11 1.86859877e+11 1.95381668e+12 7.79831237e+11
  1.80938006e+10 3.37719817e+10 1.27486564e+11 1.82858483e+09]
 [7.53176742e+09 2.19465200e+11 5.35493695e+11 1.36196563e+12
  5.25285022e+12 1.20581000e+13 3.15612877e+12 2.01047134e+13
  7.41772551e+13 2.27221353e+14 3.26219545e+14 1.16361524e+14
  1.10051035e+13 2.47059724e+12 2.17247509e+13 7.82569336e+12
  4.20584171e+11 4.69424730e+11 1.20256653e+12 7.53176742e+09]
 [4.56862191e+10 8.67362968e+11 1.15622763e+12 2.48603726e+12
  1.12866299e+13 3.03801556e+13 1.44840293e+13 4.45831113e+13
  1.53559445e+14 4.88382102e+14 6.17422042e+14 2.09899721e+14
  2.97830517e+13 1.24176090e+13 4.36929169e+13 1.46576063e+13
  1.26138939e+12 1.06927344e+12 2.26224149e+12 4.56862191e+10]
 [9.97077801e+10 1.00094475e+12 6.21793663e+11 1.09265586e+12
  6.10849639e+12 2.35395226e+13 3.99840764e+13 5.24459482e+13
  9.00651285e+13 2.40890303e+14 2.76964989e+14 1.09108099e+14
  4.11663443e+13 3.65563189e+13 2.89931199e+13 7.09313872e+12
  7.56129696e+11 5.95452813e+11 1.66657954e+12 9.97077801e+10]
 [1.99068609e+11 1.24218764e+12 2.59751964e+11 2.52027428e+11
  2.27833575e+12 2.08678932e+13 6.78544052e+13 6.76582632e+13
  5.29080017e+13 6.63511273e+13 7.12122555e+13 5.83681324e+13
  5.98602858e+13 6.48872407e+13 2.31251110e+13 2.44815220e+12
  2.11812575e+11 2.54416538e+11 1.57421134e+12 1.99068609e+11]
 [2.48727397e+11 5.70436481e+12 3.73057865e+12 6.39013302e+12
  4.10470546e+13 1.18409049e+14 7.51937888e+13 1.37359481e+14
  4.91805588e+14 1.51724099e+15 1.55626713e+15 5.09493204e+14
  1.31476938e+14 7.40075666e+13 1.22776344e+14 4.20748738e+13
  6.02090701e+12 3.70388058e+12 6.18051410e+12 2.48727397e+11]
 [1.17790079e+11 1.36499167e+13 9.96857668e+12 1.72336421e+13
  1.12976750e+14 2.89209704e+14 6.14028008e+13 2.35815104e+14
  1.27262365e+15 4.12791714e+15 4.13957717e+15 1.27762340e+15
  2.34675503e+14 6.12949842e+13 2.90364696e+14 1.13280181e+14
  1.71228214e+13 9.96077576e+12 1.37683255e+13 1.17790079e+11]
 [2.55293571e+10 1.63999183e+13 1.22904266e+13 2.13297290e+13
  1.39499253e+14 3.51121347e+14 5.12599142e+13 2.69195979e+14
  1.56133423e+15 5.10573117e+15 5.12015321e+15 1.56746824e+15
  2.67895061e+14 5.11699073e+13 3.52523591e+14 1.39873919e+14
  2.11925685e+13 1.22808087e+13 1.65421825e+13 2.55293571e+10]
 [1.06853662e+11 1.04433950e+13 7.94057385e+12 1.39492136e+13
  8.82196451e+13 2.29569302e+14 5.64734473e+13 1.99820798e+14
  1.01477179e+15 3.29782484e+15 3.38265078e+15 1.05126771e+15
  1.91263294e+14 5.55825485e+13 2.38036533e+14 9.04286671e+13
  1.31432190e+13 7.88374674e+12 1.13151161e+13 1.06853662e+11]
 [1.49455039e+11 3.20695364e+12 2.20709493e+12 3.88598689e+12
  2.33175654e+13 7.11889385e+13 5.88883451e+13 9.84705430e+13
  2.94863328e+14 8.96282393e+14 9.61947345e+14 3.25293363e+14
  8.71212852e+13 5.63132521e+13 7.88892340e+13 2.50555472e+13
  3.26591790e+12 2.16176018e+12 4.06413866e+12 1.49455039e+11]
 [1.12435325e+11 5.57166998e+11 9.11928707e+10 3.46647275e+10
  6.41530161e+11 1.03369725e+13 4.25541225e+13 4.31669357e+13
  2.37003663e+13 1.27266975e+13 1.46325924e+13 2.87114665e+13
  3.38829785e+13 3.89060399e+13 1.27318251e+13 7.44939857e+11
  2.39883670e+10 8.73296956e+10 9.27686685e+11 1.12435325e+11]
 [8.20833918e+10 3.90337934e+11 3.79284123e+11 7.66549388e+11
  3.61682369e+12 1.22354330e+13 1.84984226e+13 2.89561037e+13
  5.41429639e+13 1.52218691e+14 1.92437796e+14 7.40077758e+13
  1.93436731e+13 1.58592734e+13 1.75970711e+13 4.69705998e+12
  3.88939167e+11 3.50760029e+11 1.01807283e+12 8.20833918e+10]
 [3.01971297e+10 1.56432324e+11 3.61186001e+11 9.10913971e+11
  3.53145501e+12 8.40758285e+12 4.12663766e+12 1.58861256e+13
  5.05700747e+13 1.52187061e+14 2.18493522e+14 7.93290467e+13
  8.69589402e+12 3.23030533e+12 1.51477134e+13 5.26115974e+12
  2.81296377e+11 3.16623039e+11 8.57175887e+11 3.01971297e+10]
 [1.19284630e+09 7.33784199e+09 4.36541322e+10 1.39018833e+11
  4.85429865e+11 8.01427320e+11 2.62193429e+11 2.05202493e+12
  6.82393750e+12 1.78517332e+13 3.04840847e+13 1.22012511e+13
  9.02778524e+11 1.79459322e+11 2.03202889e+12 8.13659113e+11
  1.88871131e+10 3.52269904e+10 1.32324799e+11 1.19284630e+09]
 [2.51842160e+09 4.07514500e+09 1.63237435e+10 6.99343996e+10
  2.59528175e+11 1.96781766e+11 1.19791696e+11 1.04195209e+12
  3.20830263e+12 5.85603267e+12 1.28507166e+13 6.19529773e+12
  3.84965666e+11 6.57463829e+10 8.83184254e+11 4.41394685e+11
  3.43290154e+09 1.16516643e+10 7.40784134e+10 2.51842160e+09]
 [1.01466300e+11 6.68874328e+10 4.16588582e+10 2.39868463e+11
  1.16596486e+12 2.01469255e+11 7.08550529e+11 4.49510041e+12
  1.16018098e+13 9.80545158e+12 3.19342070e+13 2.13877321e+13
  1.68751525e+12 2.46617099e+11 2.54980740e+12 1.74564008e+12
  3.00768618e+10 2.66706053e+10 3.16496635e+11 1.01466300e+11]
 [4.02956132e+11 1.03345397e+11 1.07939005e+10 5.58333009e+10
  4.43016613e+11 1.05483572e+11 6.75725024e+11 3.93731604e+12
  4.56521111e+12 8.18028206e+11 4.28277175e+12 6.74454802e+12
  2.09390613e+12 4.32000854e+10 8.13574743e+11 5.42081030e+11
  2.41335133e+10 8.04780641e+09 1.96613849e+11 4.02956132e+11]]