[[1.57088705e+12 3.16047921e+11 2.54580266e+10 1.26627361e+11
  1.20146949e+12 3.69406852e+11 2.70235844e+12 1.35393406e+13
  1.17218251e+13 1.82666462e+12 1.06198010e+13 2.13882204e+13
  8.17803147e+12 1.63041098e+11 2.33655366e+12 1.24153190e+12
  5.59799449e+10 2.29899104e+10 7.20041735e+11 1.60045306e+12]
 [1.72506643e+12 8.74197808e+10 6.92671002e+09 8.66038327e+10
  1.25608405e+12 6.44305434e+11 1.07327704e+13 1.68955604e+13
  3.54438816e+12 2.17837494e+12 2.28026275e+13 4.31504647e+13
  1.29322575e+13 2.76738111e+12 1.98407901e+12 2.78119203e+11
  1.38484206e+10 3.54375031e+10 1.32354161e+12 1.89709912e+12]
 [2.26481887e+11 3.52181433e+09 7.10516931e+07 1.41587982e+10
  2.05942562e+11 5.19700208e+11 3.69367966e+12 3.57441959e+12
  2.66247276e+11 4.67325945e+11 6.37003593e+12 9.80089606e+12
  3.03744372e+12 1.43760302e+12 3.78350756e+11 5.10609708e+09
  9.82674397e+08 1.16631211e+10 2.66964552e+11 2.52437083e+11]
 [1.97060441e+11 5.63508997e+09 1.38152750e+09 2.50772303e+10
  3.16252994e+11 1.72788733e+12 7.75857864e+12 6.10345569e+12
  7.05481908e+11 1.51656598e+12 1.25871745e+13 1.57300178e+13
  5.96294989e+12 3.81311807e+12 8.09618976e+11 2.80346205e+10
  4.65466858e+09 2.88346663e+10 3.90774409e+11 2.18805280e+11]
 [4.92343968e+11 1.43502677e+11 7.63663190e+10 2.24541681e+11
  1.91793062e+12 1.31085920e+13 4.61365373e+13 3.92451776e+13
  1.58624918e+13 3.05178837e+13 8.45284951e+13 7.73412556e+13
  3.65326686e+13 2.86961798e+13 9.12046840e+12 1.02011402e+12
  7.99140992e+10 2.07460836e+11 1.78271820e+12 5.29764901e+11]
 [1.69043730e+11 7.23055621e+11 4.54672641e+11 6.15829109e+11
  1.98424574e+12 6.16828061e+12 2.66999713e+13 6.20813095e+13
  7.69065136e+13 1.42960086e+14 1.22283241e+14 3.50737580e+13
  1.67131085e+13 3.51217239e+13 2.98027464e+13 5.17356124e+12
  2.88363176e+11 1.80033042e+11 5.79746159e+11 1.47176048e+11]
 [2.27987025e+11 2.23751840e+12 9.93792605e+11 1.25332535e+12
  5.36742861e+12 2.17240978e+13 7.29828451e+13 1.27790823e+14
  1.65337744e+14 3.13916098e+14 2.66532265e+14 9.18697474e+13
  5.51125448e+13 8.85733737e+13 6.08818737e+13 1.05624568e+13
  8.14397756e+11 5.06818537e+11 1.69607347e+12 2.07980778e+11]
 [1.44092839e+12 5.57328464e+12 9.47870382e+11 2.23447514e+12
  3.12545465e+13 2.45931092e+14 5.76224425e+14 3.70935457e+14
  1.86668768e+14 3.94750481e+14 9.12948406e+14 7.55470942e+14
  5.86411218e+14 4.29331744e+14 9.38918471e+13 1.00453748e+13
  2.21490343e+12 3.47762863e+12 1.75026203e+13 1.55997933e+12]
 [4.59815328e+12 1.01934908e+13 2.46557743e+11 3.31093853e+12
  7.72481391e+13 6.53138227e+14 1.40743045e+15 7.16964349e+14
  1.25457752e+14 3.51198370e+14 1.87293048e+15 1.81179436e+15
  1.54018106e+15 9.90903684e+14 1.20479022e+14 3.26922584e+12
  4.30454331e+12 8.66836405e+12 4.35052408e+13 5.11147361e+12]
 [6.74262707e+12 1.28028781e+13 9.07187354e+10 3.85054680e+12
  9.78334928e+13 8.25284332e+14 1.72625447e+15 8.51475934e+14
  1.21772822e+14 3.72307165e+14 2.24521670e+15 2.19601310e+15
  1.94091660e+15 1.22379341e+15 1.36566692e+14 1.86916027e+12
  5.38628695e+12 1.08666876e+13 5.33313866e+13 7.51199574e+12]
 [4.51177839e+12 1.11543784e+13 1.10424534e+12 3.51929893e+12
  6.59614339e+13 5.28014245e+14 1.12252868e+15 6.30304519e+14
  2.47772995e+14 5.51603290e+14 1.60993460e+15 1.41950622e+15
  1.24463452e+15 8.38600237e+14 1.39440852e+14 1.18127734e+13
  4.37766219e+12 7.18708564e+12 3.40691510e+13 4.94613197e+12]
 [1.16767029e+12 7.35265978e+12 2.08429160e+12 2.69964064e+12
  2.05608974e+13 1.19399886e+14 2.93156631e+14 3.03114864e+14
  3.53692658e+14 6.77693773e+14 6.89678172e+14 3.60356990e+14
  2.87058805e+14 2.89951854e+14 1.25808529e+14 2.13490994e+13
  2.53938689e+12 2.03904273e+12 7.84950521e+12 1.16582187e+12]
 [2.41280625e+11 4.39549763e+12 1.79791840e+12 1.94059922e+12
  5.97173115e+12 4.31351213e+12 4.25458025e+13 1.66782765e+14
  2.92263834e+14 5.46930196e+14 3.35871211e+14 4.03666828e+13
  1.50205618e+13 1.03147366e+14 9.64703200e+13 1.84984622e+13
  1.45799000e+12 4.52557166e+11 2.12051429e+11 1.80175868e+11]
 [5.35736908e+11 2.50354279e+12 7.62176417e+11 1.33888440e+12
  1.19370749e+13 8.51164255e+13 2.25957355e+14 1.89270707e+14
  1.36374582e+14 2.72079052e+14 4.36488569e+14 3.07255811e+14
  2.07771920e+14 1.77964941e+14 6.01299689e+13 8.18881399e+12
  9.95847819e+11 1.31270831e+12 6.82709790e+12 5.61946637e+11]
 [1.04912123e+12 1.00901023e+12 1.15523706e+11 7.54882967e+11
  1.12010421e+13 9.32905555e+13 2.65645048e+14 1.65621057e+14
  3.35187937e+13 8.13197381e+13 3.97616187e+14 3.99134168e+14
  2.35522525e+14 1.66054618e+14 2.85961026e+13 1.44923257e+12
  5.04586658e+11 1.31960452e+12 9.21951001e+12 1.15941815e+12]
 [1.04038861e+12 1.81287992e+11 2.78072914e+08 2.61017933e+11
  3.98652903e+12 3.06366283e+13 1.03903253e+14 6.71962432e+13
  5.55975611e+12 1.67592778e+13 1.54320549e+14 1.76552866e+14
  8.49337090e+13 5.75981206e+13 8.81635328e+12 6.12141982e+10
  1.14434455e+11 4.49806277e+11 4.18118210e+12 1.16011150e+12]
 [1.81688391e+11 5.47425889e+09 2.16860302e+09 2.46050191e+10
  2.92000617e+11 1.57977619e+12 7.11500500e+12 5.73785807e+12
  8.25822635e+11 1.65367289e+12 1.17599511e+13 1.44091686e+13
  5.45413239e+12 3.53157519e+12 8.13235424e+11 4.06831363e+10
  4.45805818e+09 2.65270040e+10 3.57176710e+11 2.01124750e+11]
 [8.80464009e+10 2.67694881e+09 2.88345399e+09 1.18853960e+10
  8.19677595e+10 1.74283299e+11 1.30902088e+12 1.85404993e+12
  8.05857671e+11 8.97649497e+11 3.03354705e+12 3.40445414e+12
  1.02670286e+12 6.01088492e+11 3.93280036e+11 7.07123530e+10
  6.40675219e+08 4.36936358e+09 8.90535198e+10 9.32122115e+10]
 [2.34943442e+11 6.37871985e+10 2.05220051e+10 7.15839573e+10
  1.94225232e+11 1.61745583e+10 7.04791635e+11 6.34194443e+12
  7.16371554e+12 3.56237063e+12 6.87709421e+12 2.19251925e+12
  3.98834987e+11 5.36544040e+11 2.06063471e+12 7.72777458e+11
  8.07671763e+09 3.81328293e+09 2.81459637e+10 1.83198657e+11]
 [1.19316851e+12 3.04732547e+11 2.76843108e+10 1.23948171e+11
  9.28097705e+11 2.43112784e+11 1.89363574e+12 1.19090745e+13
  1.24623262e+13 1.91205455e+12 9.04024883e+12 1.46725560e+13
  5.43534912e+12 1.29995293e+11 2.34593413e+12 1.34561186e+12
  5.24309199e+10 1.69589652e+10 4.70663481e+11 1.16601108e+12]]