[[2.71820170e+12 5.86046014e+11 4.60213419e+10 2.05290985e+11
  1.80069134e+12 5.64012627e+11 4.49699550e+12 2.46242766e+13
  2.16990751e+13 3.10345395e+12 1.62480765e+13 3.20577625e+13
  1.30954496e+13 2.87499475e+11 4.35012220e+12 2.20334992e+12
  8.87354436e+10 3.43129761e+10 1.11494818e+12 2.71820170e+12]
 [2.11184941e+12 1.91577349e+11 2.04631658e+10 2.18382485e+10
  3.93742163e+11 3.95971596e+11 1.08197158e+13 2.87214840e+13
  1.14069283e+13 1.56111842e+12 5.08422058e+12 2.10284715e+13
  1.07823937e+13 3.76589505e+12 5.01144108e+12 5.89496411e+11
  2.73827570e+09 1.31008156e+10 9.06501923e+11 2.11184941e+12]
 [2.06369237e+11 7.08773492e+09 3.97800094e+09 1.43779660e+09
  4.08000106e+10 2.23382099e+11 2.70382765e+12 4.89610382e+12
  1.69590342e+12 3.39903995e+11 7.45899171e+11 3.27482405e+12
  1.80894292e+12 1.48396671e+12 1.00257029e+12 6.93909548e+10
  7.05777724e+07 2.83944252e+09 1.28841589e+11 2.06369237e+11]
 [1.25733067e+11 8.71228003e+09 1.39620937e+10 2.66797097e+10
  1.31166785e+11 6.69025259e+11 4.04417968e+12 6.06880944e+12
  3.30093821e+12 3.80914023e+12 6.50458711e+12 5.90210210e+12
  2.66994361e+12 2.76805465e+12 1.69632183e+12 2.19856786e+11
  3.62470814e+09 1.12668038e+10 1.57110320e+11 1.25733067e+11]
 [1.46650806e+11 1.47258789e+11 2.42354310e+11 5.72370445e+11
  2.31148047e+12 7.02271361e+12 1.28221514e+13 2.23622566e+13
  3.66402224e+13 9.67234245e+13 1.38864905e+14 5.74773506e+13
  1.22408583e+13 1.00370974e+13 1.26526322e+13 3.44364233e+12
  1.76751853e+11 2.12452747e+11 8.06909208e+11 1.46650806e+11]
 [1.33018562e+10 6.70644342e+11 9.44484486e+11 2.04828798e+12
  9.25031791e+12 2.40041162e+13 6.91064440e+12 3.12885151e+13
  1.24088199e+14 4.01802759e+14 5.07966771e+14 1.69615605e+14
  2.09018042e+13 5.92471050e+12 3.45228600e+13 1.20131092e+13
  1.03927997e+12 8.73454451e+11 1.74916328e+12 1.33018562e+10]
 [4.41462683e+11 3.50921350e+12 1.76847556e+12 2.90497179e+12
  1.69629476e+13 7.80624873e+13 1.72942193e+14 2.06424745e+14
  2.73092960e+14 6.48645841e+14 7.45784224e+14 3.30834523e+14
  1.62028763e+14 1.58116193e+14 9.61478740e+13 1.96972434e+13
  2.01027195e+12 1.69355818e+12 5.84286336e+12 4.41462683e+11]
 [2.00496626e+12 1.18742792e+13 2.05287115e+12 1.50344249e+12
  1.68979004e+13 1.94632532e+14 6.81187327e+14 6.68089580e+14
  4.61448526e+14 4.31302363e+14 4.62901164e+14 5.09070231e+14
  5.91088675e+14 6.51400096e+14 2.15685354e+14 1.81573905e+13
  1.26354511e+12 2.01070423e+12 1.50481494e+13 2.00496626e+12]
 [4.70938141e+12 2.17127448e+13 2.20796187e+12 2.75744781e+10
  1.51107248e+13 3.12627369e+14 1.16276294e+15 1.08050379e+15
  6.37007542e+14 1.59922092e+14 1.64035573e+14 6.59917296e+14
  1.03423025e+15 1.14441973e+15 3.24158040e+14 1.54890977e+13
  2.59812070e+10 2.19216048e+12 2.35251303e+13 4.70938141e+12]
 [5.04778177e+12 2.24425361e+13 3.26958889e+12 2.21746875e+12
  2.83376219e+13 3.22941883e+14 1.04312083e+15 9.78956428e+14
  7.39851515e+14 6.69583439e+14 6.71474796e+14 7.42758166e+14
  9.74225518e+14 1.04128922e+15 3.24231588e+14 2.84137307e+13
  2.20320935e+12 3.26703027e+12 2.26372181e+13 5.04778177e+12]
 [2.02194837e+12 1.35748260e+13 4.76520845e+12 6.89015217e+12
  5.05846136e+13 2.27751472e+14 4.30780529e+14 4.66526830e+14
  7.34873818e+14 1.70470080e+15 1.70951603e+15 7.37760913e+14
  4.64272290e+14 4.30024125e+14 2.28661024e+14 5.07204730e+13
  6.84584515e+12 4.76147943e+12 1.36925834e+13 2.02194837e+12]
 [5.64122938e+10 6.43117353e+12 4.91983019e+12 8.65072890e+12
  5.46789434e+13 1.41716221e+14 3.25896588e+13 1.21660514e+14
  6.27991012e+14 2.04485442e+15 2.09745172e+15 6.50576489e+14
  1.16450294e+14 3.20755396e+13 1.46943157e+14 5.60481055e+13
  8.15088421e+12 4.88462118e+12 6.96799031e+12 5.64122938e+10]
 [3.77812301e+11 5.53865565e+12 3.30725208e+12 5.64894581e+12
  3.45455391e+13 1.17262902e+14 1.39893699e+14 1.95090474e+14
  4.57276942e+14 1.30987052e+15 1.40583646e+15 5.04468137e+14
  1.72605251e+14 1.33776372e+14 1.29946881e+14 3.71204014e+13
  4.74756960e+12 3.23931959e+12 7.01908013e+12 3.77812301e+11]
 [8.58882242e+11 4.94022810e+12 1.42668907e+12 1.69804975e+12
  1.23772737e+13 9.83616764e+13 3.28099480e+14 3.48866806e+14
  2.74237164e+14 4.07111046e+14 4.68078228e+14 3.32220652e+14
  2.73835663e+14 2.99972147e+14 1.21149945e+14 1.43723944e+13
  1.17506882e+12 1.36625069e+12 8.22551200e+12 8.58882242e+11]
 [1.20700356e+12 2.20886877e+12 4.44016340e+11 8.67518796e+10
  2.81690888e+12 5.19019959e+13 2.49265204e+14 2.71178608e+14
  1.25802251e+14 4.59389905e+13 5.80769549e+13 1.71958536e+14
  1.81156637e+14 2.13702817e+14 7.46457532e+13 3.65823471e+12
  4.40169992e+10 4.10624054e+11 5.76113434e+12 1.20700356e+12]
 [8.89996503e+11 3.50515857e+11 1.30074012e+11 5.78253118e+10
  8.67579658e+11 1.26354579e+13 7.14131347e+13 8.71217702e+13
  3.70472369e+13 1.72918586e+13 2.48257576e+13 5.81158324e+13
  4.76895184e+13 5.59017411e+13 2.27649609e+13 1.29251970e+12
  1.78568462e+10 1.14025541e+11 1.92066277e+12 8.89996503e+11]
 [1.04883036e+11 7.84712773e+09 1.51235487e+10 3.33408647e+10
  1.48095169e+11 6.21597815e+11 3.39142295e+12 5.22176036e+12
  3.29618409e+12 4.60068970e+12 7.85625760e+12 5.89360170e+12
  2.29728843e+12 2.32127275e+12 1.57606896e+12 2.48231500e+11
  4.52969335e+09 1.22040476e+10 1.41508852e+11 1.04883036e+11]
 [1.86009141e+10 2.54298288e+09 8.12814744e+09 3.35071022e+10
  1.27335569e+11 1.12774343e+11 2.85142416e+11 9.10198432e+11
  1.67458585e+12 2.82425988e+12 6.19767091e+12 3.23365939e+12
  3.36287193e+11 1.56497346e+11 5.06147119e+11 2.16567019e+11
  1.64477829e+09 5.80176017e+09 4.62266096e+10 1.86009141e+10]
 [9.07065342e+10 6.44515245e+10 4.05251840e+10 2.33713189e+11
  1.13492943e+12 1.94834520e+11 6.48648915e+11 4.26992824e+12
  1.12639450e+13 9.55124077e+12 3.11062981e+13 2.07648844e+13
  1.60298289e+12 2.25767827e+11 2.46583777e+12 1.69917497e+12
  2.93050583e+10 2.59448106e+10 3.04970452e+11 9.07065342e+10]
 [2.20587947e+12 5.25177664e+11 4.93065779e+10 2.43084458e+11
  1.99150738e+12 5.23571342e+11 3.67673322e+12 2.08471311e+13
  2.16698212e+13 3.59642942e+12 1.88290406e+13 3.20145435e+13
  1.10867238e+13 2.35058913e+11 4.03820626e+12 2.43683496e+12
  1.05071381e+11 3.67624098e+10 9.99146597e+11 2.20587947e+12]]