[[5.76721966e+08 5.19652096e+08 2.28633096e+08 1.87983649e+09
  1.61263106e+10 2.74667281e+09 4.48706858e+09 3.62165891e+09
  6.65697964e+10 2.42661778e+10 1.57245488e+11 2.14727776e+11
  2.98773983e+10 8.83962401e+06 6.52909235e+09 1.31966685e+10
  8.48174772e+08 2.85074342e+08 4.38404732e+09 1.42200963e+09]
 [2.88022007e+10 1.37391639e+10 1.76747185e+10 1.33409954e+11
  7.92964017e+11 1.72933642e+11 7.04339183e+11 2.96794402e+11
  4.11893339e+12 4.97891670e+12 2.00698240e+13 1.65784062e+13
  1.72839226e+12 7.55423844e+09 6.74545634e+11 7.93976797e+11
  1.74616642e+10 1.89233464e+10 2.88286601e+11 7.10169011e+10]
 [7.45173470e+09 1.36786461e+09 1.01823428e+10 5.62347278e+10
  2.57825893e+11 2.64837413e+11 4.66445695e+11 1.34735672e+11
  1.71018702e+12 4.31123443e+12 1.17096971e+13 7.21023589e+12
  7.72209496e+11 7.88865067e+09 3.66335540e+11 2.93260927e+11
  2.88146350e+09 1.21544647e+10 1.10263380e+11 1.83735650e+10]
 [9.86058574e+09 3.10303335e+09 3.39584316e+10 1.39195609e+11
  6.01046926e+11 1.35326991e+12 1.50014778e+12 3.41212660e+11
  4.54503135e+12 1.63691770e+13 3.45971070e+13 1.77429251e+13
  2.32863822e+12 3.16398739e+10 1.05750740e+12 6.73766585e+11
  1.97403800e+10 4.58266098e+10 2.48141220e+11 2.43130117e+10]
 [3.76271269e+10 7.80285881e+10 3.51368651e+11 1.15083666e+12
  5.48712003e+12 1.71413168e+13 1.44121141e+13 2.79212178e+12
  4.16477006e+13 1.75815081e+14 3.12418777e+14 1.42642414e+14
  2.37087633e+13 3.47641338e+11 9.51816783e+12 5.46710427e+12
  3.70969744e+11 5.15103545e+11 1.89599322e+12 9.27763118e+10]
 [2.11738396e+10 2.06929007e+11 5.48819424e+11 1.53737599e+12
  8.56725795e+12 2.98561428e+13 2.08901558e+13 3.62440457e+12
  6.14608944e+13 2.76019872e+14 4.31899706e+14 1.83422756e+14
  3.75589800e+13 5.51882662e+11 1.32339045e+13 7.44090394e+12
  8.14253556e+11 8.48779402e+11 2.39331048e+12 5.22078327e+10]
 [1.48538566e+09 3.86196524e+10 7.51918125e+10 1.89769160e+11
  1.22508570e+12 4.35816651e+12 2.68302853e+12 4.31742927e+11
  8.23077364e+12 3.75836460e+13 5.34840925e+13 2.17700781e+13
  5.25695053e+12 7.55887497e+10 1.65437658e+12 9.51383660e+11
  1.37080778e+11 1.20418035e+11 2.85143767e+11 3.66248010e+09]
 [1.38748577e+10 4.09719960e+11 6.61269608e+11 1.56191409e+12
  1.12975265e+13 3.98042190e+13 2.24294944e+13 3.43542730e+12
  7.19070977e+13 3.27588103e+14 4.35165767e+14 1.73198933e+14
  4.71494902e+13 6.60932679e+11 1.35946359e+13 8.11874956e+12
  1.37024777e+12 1.08314098e+12 2.30251538e+12 3.42109066e+10]
 [1.22468817e+11 3.05043116e+12 4.41278919e+12 1.00286275e+13
  7.81877517e+13 2.71409124e+14 1.44552986e+14 2.14962911e+13
  4.79739702e+14 2.16942125e+15 2.75418834e+15 1.08509962e+15
  3.19177871e+14 4.38407229e+12 8.67336251e+13 5.35999810e+13
  9.86351144e+12 7.32679229e+12 1.46560899e+13 3.01968449e+11]
 [2.88223924e+11 6.40610961e+12 8.80755527e+12 1.96666938e+13
  1.59093772e+14 5.47062456e+14 2.83442215e+14 4.15757193e+13
  9.58482962e+14 4.31148998e+15 5.35146342e+15 2.10090434e+15
  6.41821422e+14 8.71882120e+12 1.69278232e+14 1.06684942e+14
  2.03970633e+13 1.47175429e+13 2.86539878e+13 7.10666873e+11]
 [2.88223924e+11 6.40610961e+12 8.80755527e+12 1.96666938e+13
  1.59093772e+14 5.47062456e+14 2.83442215e+14 4.15757193e+13
  9.58482962e+14 4.31148998e+15 5.35146342e+15 2.10090434e+15
  6.41821422e+14 8.71882120e+12 1.69278232e+14 1.06684942e+14
  2.03970633e+13 1.47175429e+13 2.86539878e+13 7.10666873e+11]
 [1.22468817e+11 3.05043116e+12 4.41278919e+12 1.00286275e+13
  7.81877517e+13 2.71409124e+14 1.44552986e+14 2.14962911e+13
  4.79739702e+14 2.16942125e+15 2.75418834e+15 1.08509962e+15
  3.19177871e+14 4.38407229e+12 8.67336251e+13 5.35999810e+13
  9.86351144e+12 7.32679229e+12 1.46560899e+13 3.01968449e+11]
 [1.38748577e+10 4.09719960e+11 6.61269608e+11 1.56191409e+12
  1.12975265e+13 3.98042190e+13 2.24294944e+13 3.43542730e+12
  7.19070977e+13 3.27588103e+14 4.35165767e+14 1.73198933e+14
  4.71494902e+13 6.60932679e+11 1.35946359e+13 8.11874956e+12
  1.37024777e+12 1.08314098e+12 2.30251538e+12 3.42109066e+10]
 [1.48538566e+09 3.86196524e+10 7.51918125e+10 1.89769160e+11
  1.22508570e+12 4.35816651e+12 2.68302853e+12 4.31742927e+11
  8.23077364e+12 3.75836460e+13 5.34840925e+13 2.17700781e+13
  5.25695053e+12 7.55887497e+10 1.65437658e+12 9.51383660e+11
  1.37080778e+11 1.20418035e+11 2.85143767e+11 3.66248010e+09]
 [2.11738396e+10 2.06929007e+11 5.48819424e+11 1.53737599e+12
  8.56725795e+12 2.98561428e+13 2.08901558e+13 3.62440457e+12
  6.14608944e+13 2.76019872e+14 4.31899706e+14 1.83422756e+14
  3.75589800e+13 5.51882662e+11 1.32339045e+13 7.44090394e+12
  8.14253556e+11 8.48779402e+11 2.39331048e+12 5.22078327e+10]
 [3.76271269e+10 7.80285881e+10 3.51368651e+11 1.15083666e+12
  5.48712003e+12 1.71413168e+13 1.44121141e+13 2.79212178e+12
  4.16477006e+13 1.75815081e+14 3.12418777e+14 1.42642414e+14
  2.37087633e+13 3.47641338e+11 9.51816783e+12 5.46710427e+12
  3.70969744e+11 5.15103545e+11 1.89599322e+12 9.27763118e+10]
 [9.86058574e+09 3.10303335e+09 3.39584316e+10 1.39195609e+11
  6.01046926e+11 1.35326991e+12 1.50014778e+12 3.41212660e+11
  4.54503135e+12 1.63691770e+13 3.45971070e+13 1.77429251e+13
  2.32863822e+12 3.16398739e+10 1.05750740e+12 6.73766585e+11
  1.97403800e+10 4.58266098e+10 2.48141220e+11 2.43130117e+10]
 [7.45173470e+09 1.36786461e+09 1.01823428e+10 5.62347278e+10
  2.57825893e+11 2.64837413e+11 4.66445695e+11 1.34735672e+11
  1.71018702e+12 4.31123443e+12 1.17096971e+13 7.21023589e+12
  7.72209496e+11 7.88865067e+09 3.66335540e+11 2.93260927e+11
  2.88146350e+09 1.21544647e+10 1.10263380e+11 1.83735650e+10]
 [2.88022007e+10 1.37391639e+10 1.76747185e+10 1.33409954e+11
  7.92964017e+11 1.72933642e+11 7.04339183e+11 2.96794402e+11
  4.11893339e+12 4.97891670e+12 2.00698240e+13 1.65784062e+13
  1.72839226e+12 7.55423844e+09 6.74545634e+11 7.93976797e+11
  1.74616642e+10 1.89233464e+10 2.88286601e+11 7.10169011e+10]
 [5.76721966e+08 5.19652096e+08 2.28633096e+08 1.87983649e+09
  1.61263106e+10 2.74667281e+09 4.48706858e+09 3.62165891e+09
  6.65697964e+10 2.42661778e+10 1.57245488e+11 2.14727776e+11
  2.98773983e+10 8.83962401e+06 6.52909235e+09 1.31966685e+10
  8.48174772e+08 2.85074342e+08 4.38404732e+09 1.42200963e+09]]