[[1.84945265e+12 3.97709659e+11 3.60251764e+10 1.87349666e+11
  1.67673889e+12 4.66805063e+11 3.19231963e+12 1.63952199e+13
  1.58680625e+13 2.69218793e+12 1.53079091e+13 2.81175480e+13
  9.84182713e+12 1.92922663e+11 3.01173637e+12 1.78917129e+12
  8.24115373e+10 3.14632303e+10 8.93017660e+11 1.88340393e+12]
 [7.01721232e+11 2.98313687e+10 2.26103365e+10 2.28744917e+11
  1.81040210e+12 5.74245676e+11 5.64579438e+12 4.82691314e+12
  4.91395261e+12 7.60804675e+12 4.07871028e+13 4.63774010e+13
  8.52790230e+12 9.78247921e+11 9.79074959e+11 1.07729502e+12
  3.17286690e+10 4.60729099e+10 1.06849424e+12 8.77052866e+11]
 [6.13085434e+10 4.29056110e+06 4.56635206e+09 4.33499312e+10
  2.75925740e+11 4.04681325e+11 1.50662935e+12 2.50478746e+11
  4.77216715e+11 2.81661402e+12 1.10694527e+13 9.41600058e+12
  1.66289440e+12 2.87567371e+11 2.88430630e+10 1.53576543e+11
  2.39105204e+09 1.38811160e+10 1.85708824e+11 8.50494250e+10]
 [6.28372353e+10 1.55276302e+09 1.14142965e+10 6.48956577e+10
  3.75558540e+11 1.22627679e+12 3.21781136e+12 1.33684635e+12
  1.36621808e+12 6.75030954e+12 1.92193622e+13 1.35754235e+13
  3.11015622e+12 1.05039467e+12 3.61243028e+11 2.43198413e+11
  9.77673097e+09 3.05393749e+10 2.50486991e+11 7.95684148e+10]
 [3.24990304e+11 1.54425051e+11 1.49767029e+11 3.33787160e+11
  1.72156658e+12 8.63155902e+12 2.84655021e+13 3.29010384e+13
  2.61571457e+13 5.52547211e+13 9.10318974e+13 5.61114772e+13
  2.23358418e+13 2.01499787e+13 1.13841382e+13 2.03668498e+12
  1.06115230e+11 1.71679995e+11 1.13258714e+12 3.35746863e+11]
 [4.48708549e+11 1.37613103e+12 5.51748550e+11 3.69047378e+11
  2.94336007e+11 7.04353926e+12 7.43731052e+13 1.37151601e+14
  1.13416011e+14 1.19687638e+14 3.37841782e+13 1.41764564e+13
  4.18373078e+13 8.83557935e+13 5.22179099e+13 5.60350422e+12
  1.38787671e+11 2.67792759e+10 9.62939182e+11 4.04738254e+11]
 [5.02506982e+11 3.68634446e+12 1.22491926e+12 1.26139143e+12
  6.04985588e+12 4.24164890e+13 1.73081493e+14 2.37799534e+14
  2.27514571e+14 3.35872182e+14 2.70049047e+14 1.42235849e+14
  1.31058959e+14 1.85119459e+14 9.42229446e+13 1.23515110e+13
  8.07799363e+11 6.25754687e+11 3.64125717e+12 4.77895778e+11]
 [8.18662719e+11 3.64091466e+12 1.99456771e+12 4.99657039e+12
  4.56677762e+13 2.39658938e+14 3.77103017e+14 1.97332392e+14
  2.52005007e+14 9.88770784e+14 1.58160535e+15 8.62498840e+14
  4.49239352e+14 2.31178146e+14 7.55802403e+13 2.40359072e+13
  4.55769436e+12 4.66494941e+12 1.57176783e+13 9.45284930e+11]
 [1.36351691e+12 6.03917248e+11 2.65869655e+12 9.95099169e+12
  1.07025724e+14 5.31926287e+14 6.11768301e+14 7.48018798e+13
  1.96918479e+14 1.83892495e+15 3.33395060e+15 1.81358741e+15
  8.88842141e+14 2.24730527e+14 1.87098915e+13 3.70530669e+13
  1.05100355e+13 1.07014310e+13 3.17209553e+13 1.85478910e+12]
 [1.88558315e+12 1.23957979e+12 3.10278597e+12 1.10678320e+13
  1.22931123e+14 6.06490291e+14 6.89190622e+14 1.00975125e+14
  2.43722930e+14 2.08490420e+15 3.65991634e+15 1.98305352e+15
  1.01718231e+15 2.69323162e+14 2.88179776e+13 4.25969721e+13
  1.23047822e+13 1.21335925e+13 3.51310804e+13 2.53052209e+12]
 [2.07547354e+12 7.90201083e+12 3.21258275e+12 6.90808148e+12
  6.87705088e+13 3.56582093e+14 5.51326213e+14 3.22279206e+14
  4.34174566e+14 1.46738620e+15 2.09079338e+15 1.12193800e+15
  6.82500122e+14 3.85132923e+14 1.29068965e+14 3.71206320e+13
  7.37991601e+12 6.77508033e+12 2.13417662e+13 2.33000194e+12]
 [1.65552046e+12 1.20851693e+13 2.85778087e+12 2.27442395e+12
  1.06963387e+13 8.32246067e+13 3.57317185e+14 4.88899606e+14
  5.41899839e+14 7.14434456e+14 4.11361822e+14 2.04000583e+14
  2.86503364e+14 4.35474305e+14 2.04603604e+14 2.70957671e+13
  1.89121173e+12 1.04731634e+12 6.19597719e+12 1.54643965e+12]
 [9.20777030e+11 8.40095471e+12 2.08665462e+12 1.30613004e+12
  2.70435111e+12 3.65365368e+13 2.55234300e+14 4.01607542e+14
  4.11613939e+14 4.64645050e+14 1.56246344e+14 6.94764049e+13
  1.74588777e+14 3.29246694e+14 1.65517623e+14 1.93804584e+13
  8.61872604e+11 2.59613572e+11 3.33982702e+12 8.37454421e+11]
 [4.76311237e+11 2.61120376e+12 1.19982795e+12 2.33582642e+12
  1.72137435e+13 9.57089766e+13 2.08014140e+14 1.76282772e+14
  1.83736205e+14 4.79964135e+14 6.89834736e+14 3.81090503e+14
  2.04437802e+14 1.58243551e+14 6.79964350e+13 1.36587697e+13
  1.69377531e+12 1.79935180e+12 7.31441898e+12 5.05557919e+11]
 [3.73796138e+11 2.20442122e+11 5.15008064e+11 2.11526043e+12
  1.59565609e+13 8.02852535e+13 1.28937648e+14 3.35497463e+13
  4.78346548e+13 3.31984609e+14 7.13846219e+14 4.17905100e+14
  1.47012518e+14 4.89903314e+13 1.01300592e+13 7.65463898e+12
  1.19455365e+12 1.68630869e+12 7.14791278e+12 4.83844144e+11]
 [2.78340611e+11 1.71525510e+09 1.41524281e+11 7.91849300e+11
  5.23676344e+12 2.33669804e+13 4.16568784e+13 4.93320684e+12
  1.05843666e+13 1.02641059e+14 2.63415651e+14 1.66133242e+14
  4.56007893e+13 1.14605026e+13 7.76573591e+11 2.56478894e+12
  2.74669620e+11 5.24601595e+11 2.84958266e+12 3.85007932e+11]
 [6.41457080e+10 2.20276370e+09 1.14995615e+10 5.89657155e+10
  3.34346151e+11 1.10176312e+12 3.07084746e+12 1.70266327e+12
  1.54811536e+12 6.27809638e+12 1.71761513e+13 1.21106537e+13
  2.86558271e+12 1.13504158e+12 4.87385100e+11 2.36232376e+11
  8.81673082e+09 2.71787840e+10 2.26435305e+11 7.81866958e+10]
 [7.30922056e+10 3.41882449e+09 4.87102360e+09 1.48009589e+10
  6.52537043e+10 1.14297189e+11 9.62078206e+11 1.97188035e+12
  1.29284799e+12 1.33452656e+12 2.82845043e+12 2.32259864e+12
  6.96390786e+11 5.39068580e+11 5.49577803e+11 1.17444590e+11
  7.21154333e+08 3.25939948e+09 5.83471211e+10 7.26061318e+10]
 [8.28560864e+11 1.25342727e+11 2.40831342e+10 4.01280547e+10
  5.97125961e+09 4.61903400e+10 3.35584524e+12 1.53868595e+13
  1.03846341e+13 2.84139465e+12 1.45163343e+12 9.56654001e+11
  2.50345710e+12 1.64895739e+12 3.64934530e+12 8.04867201e+11
  3.54686570e+09 1.93497697e+07 1.41155482e+11 7.43112951e+11]
 [1.88160414e+12 4.43440877e+11 3.62663530e+10 1.53704884e+11
  1.21219458e+12 3.60632514e+11 3.00764294e+12 1.80264639e+13
  1.69873438e+13 2.39809448e+12 1.14064744e+13 2.06701410e+13
  8.52350091e+12 2.02858007e+11 3.33892792e+12 1.73185035e+12
  6.50825227e+10 2.26805157e+10 7.14494503e+11 1.84945265e+12]]