[[1.11572570e+10 4.34075811e+08 1.55024078e+07 8.00928881e+08
  1.44742435e+10 4.83619713e+09 2.54781600e+10 4.59646907e+10
  2.49754816e+06 6.59861302e+09 1.08390564e+11 2.84564740e+11
  9.27890776e+10 9.49049531e+08 1.46620729e+09 1.73027407e+09
  4.33315029e+08 2.91789707e+08 9.12803506e+09 1.32240909e+10]
 [5.57207068e+11 1.14765990e+10 1.19842971e+09 5.68410529e+10
  7.11728461e+11 3.04492468e+11 3.99932964e+12 3.76679948e+12
  1.54533062e+08 1.35389862e+12 1.38342890e+13 2.19702823e+13
  5.36780085e+12 8.11046538e+11 1.51479513e+11 1.04101839e+11
  8.92080476e+09 1.93691150e+10 6.00242199e+11 6.60427283e+11]
 [1.44161180e+11 1.14260473e+09 6.90411113e+08 2.39595400e+10
  2.31412803e+11 4.66311799e+11 2.64853942e+12 1.71001291e+12
  6.41623480e+07 1.17233822e+12 8.07158719e+12 9.55525616e+12
  2.39822110e+12 8.46950074e+11 8.22662342e+10 3.84507483e+10
  1.47208038e+09 1.24407818e+10 2.29579639e+11 1.70866419e+11]
 [1.90762787e+11 2.59202595e+09 2.30254266e+09 5.93061066e+10
  5.39472403e+11 2.38276653e+12 8.51803453e+12 4.33053878e+12
  1.70519294e+08 4.45121046e+12 2.38480605e+13 2.35135433e+13
  7.23196147e+12 3.39695528e+12 2.37479419e+11 8.83405424e+10
  1.00849537e+10 4.69061261e+10 5.16655407e+11 2.26100773e+11]
 [7.27933997e+11 6.51788435e+10 2.38244603e+10 4.90328983e+11
  4.92498954e+12 3.01815297e+13 8.18338616e+13 3.54365271e+13
  1.56252750e+09 4.78087522e+13 2.15352744e+14 1.89034704e+14
  7.36313872e+13 3.73238554e+13 2.13744979e+12 7.16816427e+11
  1.89520805e+11 5.27237602e+11 3.94765186e+12 8.62780643e+11]
 [4.09628876e+11 1.72851947e+11 3.72125588e+10 6.55019115e+11
  7.68958135e+12 5.25691271e+13 1.18617026e+14 4.59995375e+13
  2.30587371e+09 7.50570749e+13 2.97711896e+14 2.43078235e+14
  1.16645468e+14 5.92518393e+13 2.97187515e+12 9.75610106e+11
  4.15985378e+11 8.68773707e+11 4.98311730e+12 4.85510865e+11]
 [2.87362553e+10 3.22597697e+10 5.09836136e+09 8.08536285e+10
  1.09958124e+12 7.67363055e+12 1.52345855e+13 5.47951384e+12
  3.08800006e+08 1.02199835e+13 3.68670096e+13 2.88504671e+13
  1.63263075e+13 8.11544330e+12 3.71515499e+11 1.24740155e+11
  7.00317472e+10 1.23254667e+11 5.93698496e+11 3.40595231e+10]
 [2.68422850e+11 3.42247294e+11 4.48372144e+10 6.65473891e+11
  1.01401463e+13 7.00851769e+13 1.27357591e+14 4.36011112e+13
  2.69779163e+09 8.90798353e+13 2.99963219e+14 2.29529268e+14
  1.46430344e+14 7.09597883e+13 3.05288289e+12 1.06448547e+12
  7.00031376e+11 1.10865603e+12 4.79407260e+12 3.18147030e+11]
 [2.36928044e+12 2.54808628e+12 2.99208028e+11 4.27282770e+12
  7.01777723e+13 4.77882921e+14 8.20790687e+14 2.72822591e+14
  1.79987483e+10 5.89922790e+14 1.89848389e+15 1.43801187e+15
  9.91258343e+14 4.70687638e+14 1.94773587e+13 7.02773259e+12
  5.03906493e+12 7.49938617e+12 3.05154787e+13 2.80817946e+12]
 [5.57597697e+12 5.35115175e+12 5.97194003e+11 8.37925167e+12
  1.42795339e+14 9.63238822e+14 1.60942183e+15 5.27662910e+14
  3.59601123e+10 1.17240771e+15 3.68880622e+15 2.78419172e+15
  1.99327991e+15 9.36079765e+14 3.80140095e+13 1.39879386e+13
  1.04204397e+13 1.50642373e+13 5.96605342e+13 6.60890274e+12]
 [5.57597697e+12 5.35115175e+12 5.97194003e+11 8.37925167e+12
  1.42795339e+14 9.63238822e+14 1.60942183e+15 5.27662910e+14
  3.59601123e+10 1.17240771e+15 3.68880622e+15 2.78419172e+15
  1.99327991e+15 9.36079765e+14 3.80140095e+13 1.39879386e+13
  1.04204397e+13 1.50642373e+13 5.96605342e+13 6.60890274e+12]
 [2.36928044e+12 2.54808628e+12 2.99208028e+11 4.27282770e+12
  7.01777723e+13 4.77882921e+14 8.20790687e+14 2.72822591e+14
  1.79987483e+10 5.89922790e+14 1.89848389e+15 1.43801187e+15
  9.91258343e+14 4.70687638e+14 1.94773587e+13 7.02773259e+12
  5.03906493e+12 7.49938617e+12 3.05154787e+13 2.80817946e+12]
 [2.68422850e+11 3.42247294e+11 4.48372144e+10 6.65473891e+11
  1.01401463e+13 7.00851769e+13 1.27357591e+14 4.36011112e+13
  2.69779163e+09 8.90798353e+13 2.99963219e+14 2.29529268e+14
  1.46430344e+14 7.09597883e+13 3.05288289e+12 1.06448547e+12
  7.00031376e+11 1.10865603e+12 4.79407260e+12 3.18147030e+11]
 [2.87362553e+10 3.22597697e+10 5.09836136e+09 8.08536285e+10
  1.09958124e+12 7.67363055e+12 1.52345855e+13 5.47951384e+12
  3.08800006e+08 1.02199835e+13 3.68670096e+13 2.88504671e+13
  1.63263075e+13 8.11544330e+12 3.71515499e+11 1.24740155e+11
  7.00317472e+10 1.23254667e+11 5.93698496e+11 3.40595231e+10]
 [4.09628876e+11 1.72851947e+11 3.72125588e+10 6.55019115e+11
  7.68958135e+12 5.25691271e+13 1.18617026e+14 4.59995375e+13
  2.30587371e+09 7.50570749e+13 2.97711896e+14 2.43078235e+14
  1.16645468e+14 5.92518393e+13 2.97187515e+12 9.75610106e+11
  4.15985378e+11 8.68773707e+11 4.98311730e+12 4.85510865e+11]
 [7.27933997e+11 6.51788435e+10 2.38244603e+10 4.90328983e+11
  4.92498954e+12 3.01815297e+13 8.18338616e+13 3.54365271e+13
  1.56252750e+09 4.78087522e+13 2.15352744e+14 1.89034704e+14
  7.36313872e+13 3.73238554e+13 2.13744979e+12 7.16816427e+11
  1.89520805e+11 5.27237602e+11 3.94765186e+12 8.62780643e+11]
 [1.90762787e+11 2.59202595e+09 2.30254266e+09 5.93061066e+10
  5.39472403e+11 2.38276653e+12 8.51803453e+12 4.33053878e+12
  1.70519294e+08 4.45121046e+12 2.38480605e+13 2.35135433e+13
  7.23196147e+12 3.39695528e+12 2.37479419e+11 8.83405424e+10
  1.00849537e+10 4.69061261e+10 5.16655407e+11 2.26100773e+11]
 [1.44161180e+11 1.14260473e+09 6.90411113e+08 2.39595400e+10
  2.31412803e+11 4.66311799e+11 2.64853942e+12 1.71001291e+12
  6.41623480e+07 1.17233822e+12 8.07158719e+12 9.55525616e+12
  2.39822110e+12 8.46950074e+11 8.22662342e+10 3.84507483e+10
  1.47208038e+09 1.24407818e+10 2.29579639e+11 1.70866419e+11]
 [5.57207068e+11 1.14765990e+10 1.19842971e+09 5.68410529e+10
  7.11728461e+11 3.04492468e+11 3.99932964e+12 3.76679948e+12
  1.54533062e+08 1.35389862e+12 1.38342890e+13 2.19702823e+13
  5.36780085e+12 8.11046538e+11 1.51479513e+11 1.04101839e+11
  8.92080476e+09 1.93691150e+10 6.00242199e+11 6.60427283e+11]
 [1.11572570e+10 4.34075811e+08 1.55024078e+07 8.00928881e+08
  1.44742435e+10 4.83619713e+09 2.54781600e+10 4.59646907e+10
  2.49754816e+06 6.59861302e+09 1.08390564e+11 2.84564740e+11
  9.27890776e+10 9.49049531e+08 1.46620729e+09 1.73027407e+09
  4.33315029e+08 2.91789707e+08 9.12803506e+09 1.32240909e+10]]