[[2.17747610e+12 4.67015029e+11 3.62755087e+10 1.60673689e+11
  1.41628613e+12 4.48560573e+11 3.60106845e+12 1.96831354e+13
  1.71818940e+13 2.43283092e+12 1.27370419e+13 2.53841730e+13
  1.04676986e+13 2.30221553e+11 3.45966245e+12 1.73298658e+12
  6.94499617e+10 2.70465965e+10 8.88492617e+11 2.17747610e+12]
 [2.39570392e+12 2.19309634e+11 2.46114656e+10 3.29806636e+10
  4.86083978e+11 4.55464073e+11 1.22804830e+13 3.26890032e+13
  1.33200050e+13 2.10534001e+12 6.85663105e+12 2.45551948e+13
  1.22718485e+13 4.27432762e+12 5.76438157e+12 7.27747211e+11
  4.13541176e+09 1.57566173e+10 1.03772500e+12 2.39570392e+12]
 [2.90683251e+11 9.87724327e+09 5.16971019e+09 1.62775288e+08
  5.05691713e+10 3.09477613e+11 3.80618877e+12 6.87028729e+12
  2.30386856e+12 3.22892257e+11 7.08567921e+11 4.44881711e+12
  2.53833620e+12 2.08898575e+12 1.38897907e+12 8.60059354e+10
  7.99022424e+06 3.69006824e+09 1.79549564e+11 2.90683251e+11]
 [2.24487062e+11 1.34809591e+10 1.24859625e+10 7.96320071e+09
  9.57657902e+10 9.67191143e+11 7.15659364e+12 1.02652200e+13
  3.95165200e+12 1.70767393e+12 2.91606850e+12 7.06558320e+12
  4.51613430e+12 4.89835860e+12 2.45232512e+12 1.60518982e+11
  1.08188128e+09 1.00756300e+10 2.43104881e+11 2.24487062e+11]
 [4.28915785e+11 2.04959849e+11 1.51635229e+11 2.54482897e+11
  1.29121739e+12 8.07865268e+12 3.48408528e+13 4.52102443e+13
  3.01486449e+13 4.61296696e+13 6.62279298e+13 4.72940425e+13
  2.47476007e+13 2.72731948e+13 1.45550889e+13 1.92365495e+12
  7.85860345e+10 1.32926545e+11 1.12308400e+12 4.28915785e+11]
 [2.38855069e+10 4.02609370e+11 5.30551412e+11 1.13862141e+12
  5.17530260e+12 1.40391969e+13 7.24482398e+12 2.10816486e+13
  7.06270884e+13 2.23753194e+14 2.82873089e+14 9.65398522e+13
  1.40832664e+13 6.21121306e+12 2.01912548e+13 6.72100961e+12
  5.77724631e+11 4.90651249e+11 1.05007898e+12 2.38855069e+10]
 [2.64723575e+11 2.23668339e+12 1.20174787e+12 2.01932269e+12
  1.16186907e+13 5.05641422e+13 1.04291857e+14 1.27482585e+14
  1.81794489e+14 4.48929698e+14 5.16159459e+14 2.20232309e+14
  1.00064775e+14 9.53511177e+13 6.22787583e+13 1.34915337e+13
  1.39739318e+12 1.15083860e+12 3.72409243e+12 2.64723575e+11]
 [2.04203484e+12 1.21118811e+13 2.10680778e+12 1.56060292e+12
  1.73819444e+13 1.98671994e+14 6.93844485e+14 6.80820161e+14
  4.72006602e+14 4.46000112e+14 4.78675725e+14 5.20717905e+14
  6.02351989e+14 6.63503777e+14 2.20161752e+14 1.86775130e+13
  1.31158472e+12 2.06353297e+12 1.53492596e+13 2.04203484e+12]
 [6.10998830e+12 2.83257776e+13 2.98792536e+12 2.53739105e+11
  2.09779551e+13 4.09081654e+14 1.50904794e+15 1.40459343e+15
  8.42089770e+14 2.58960023e+14 2.65620937e+14 8.72375234e+14
  1.34444046e+15 1.48524190e+15 4.24169860e+14 2.15032435e+13
  2.39077896e+11 2.96654212e+12 3.06901598e+13 6.10998830e+12]
 [8.11671989e+12 3.37144496e+13 3.46933489e+12 4.59906150e+11
  2.52645432e+13 4.68369020e+14 1.67061579e+15 1.53564414e+15
  9.62750730e+14 3.33352952e+14 3.34294566e+14 9.66533083e+14
  1.52822297e+15 1.66768237e+15 4.70239506e+14 2.53323984e+13
  4.56948731e+11 3.46661996e+12 3.40069120e+13 8.11671989e+12]
 [4.53462306e+12 2.07183819e+13 3.35724313e+12 2.72161008e+12
  3.02259006e+13 3.02071837e+14 9.38650603e+14 8.88478564e+14
  7.17942511e+14 7.76127674e+14 7.78319983e+14 7.20763088e+14
  8.84184897e+14 9.37002434e+14 3.03278196e+14 3.03070809e+13
  2.70410881e+12 3.35461591e+12 2.08981074e+13 4.53462306e+12]
 [6.01626237e+11 5.92987915e+12 2.78467976e+12 4.42757682e+12
  2.98021627e+13 1.10500711e+14 1.58087536e+14 1.93636132e+14
  3.98647675e+14 1.06524578e+15 1.09264580e+15 4.12984899e+14
  1.85343492e+14 1.55593621e+14 1.14576322e+14 3.05484096e+13
  4.17174858e+12 2.76475106e+12 6.42485236e+12 6.01626237e+11]
 [1.15747999e+11 2.82671136e+12 2.01279606e+12 3.56713757e+12
  2.13175886e+13 6.35076275e+13 4.68054217e+13 8.34527587e+13
  2.66843867e+14 8.21810415e+14 8.82019276e+14 2.94382279e+14
  7.38343811e+13 4.47586955e+13 7.03770585e+13 2.29065016e+13
  2.99794589e+12 1.97145229e+12 3.58226161e+12 1.15747999e+11]
 [7.58880747e+11 4.33390605e+12 1.22736364e+12 1.43514009e+12
  1.05960280e+13 8.60267266e+13 2.89760188e+14 3.07377732e+14
  2.38067588e+14 3.45612426e+14 3.97369842e+14 2.88403542e+14
  2.41269688e+14 2.64919608e+14 1.05957255e+14 1.23040257e+13
  9.93132492e+11 1.17536922e+12 7.21598184e+12 7.58880747e+11]
 [1.43703505e+12 2.65695335e+12 5.68059852e+11 1.89185393e+11
  3.74057191e+12 6.27766567e+13 2.96945015e+14 3.24047383e+14
  1.54925944e+14 7.15313430e+13 9.04312989e+13 2.11767582e+14
  2.16474797e+14 2.54580202e+14 9.02857537e+13 4.85776808e+12
  9.59906958e+10 5.25338863e+11 6.92982098e+12 1.43703505e+12]
 [1.30891673e+12 5.02843135e+11 1.60050268e+11 5.42926992e+09
  9.69209444e+11 1.78840896e+13 1.04877988e+14 1.26997338e+14
  5.01660331e+13 1.21525664e+13 1.74473244e+13 7.86952285e+13
  6.95169749e+13 8.20978123e+13 3.22212780e+13 1.44392770e+12
  1.67659516e+09 1.40303339e+11 2.75534493e+12 1.30891673e+12]
 [1.99804001e+11 1.22130357e+10 1.23989153e+10 1.11873782e+10
  9.95410316e+10 8.84335630e+11 6.37631639e+12 9.19545155e+12
  3.71783963e+12 2.04626172e+12 3.49424982e+12 6.64752494e+12
  4.04549481e+12 4.36429478e+12 2.24224394e+12 1.66846898e+11
  1.51991836e+09 1.00053866e+10 2.20240158e+11 1.99804001e+11]
 [6.83959588e+10 3.21668440e+09 4.85867037e+09 1.56851782e+10
  6.98676832e+10 1.16246402e+11 9.14996735e+11 1.83634555e+12
  1.25544889e+12 1.38558333e+12 3.04058050e+12 2.42429738e+12
  6.78466880e+11 5.02186112e+11 5.21730206e+11 1.18828039e+11
  7.69945443e+08 3.46805228e+09 5.84732266e+10 6.83959588e+10]
 [2.99800248e+09 3.30004503e+10 2.31078834e+10 1.35533810e+11
  6.51378010e+11 1.04078582e+11 1.22428168e+11 1.80826337e+12
  6.28794252e+12 5.52314008e+12 1.79876569e+13 1.15917114e+13
  6.78844016e+11 4.26121756e+10 1.31722499e+12 9.75219409e+11
  1.69944461e+10 1.47940022e+10 1.56150880e+11 2.99800248e+09]
 [1.57096953e+12 3.77809451e+11 3.60292911e+10 1.78966742e+11
  1.45884049e+12 3.77909846e+11 2.62056229e+12 1.49128440e+13
  1.57431598e+13 2.64370273e+12 1.38410574e+13 2.32586171e+13
  7.93080746e+12 1.67536366e+11 2.91474682e+12 1.78505666e+12
  7.73569927e+10 2.68630195e+10 7.18779669e+11 1.57096953e+12]]