[[5.08910824e+11 9.49927134e+10 7.94521423e+09 4.43234822e+10
  4.48268002e+11 1.35056799e+11 9.11143644e+11 4.15559560e+12
  3.54676465e+12 6.11063190e+11 3.90355858e+12 7.95416643e+12
  2.86188565e+12 5.17664928e+10 6.99864878e+11 3.96077712e+11
  1.99894634e+10 8.59681033e+09 2.59912515e+11 5.28625062e+11]
 [9.86228323e+11 2.99624097e+10 4.83704843e+09 1.03289521e+11
  1.20914059e+12 5.12797390e+11 6.88739195e+12 7.48604477e+12
  1.06539539e+12 2.70513808e+12 2.38414614e+13 3.70030216e+13
  9.11593232e+12 1.47067712e+12 5.85525717e+11 2.76871650e+11
  1.58118427e+10 3.27640426e+10 1.01246721e+12 1.15084971e+12]
 [1.68751398e+11 1.40544428e+09 9.18827612e+08 2.81264278e+10
  2.69722812e+11 5.43021748e+11 3.09135704e+12 2.02799138e+12
  3.13504705e+10 1.39121942e+12 9.42179957e+12 1.11272144e+13
  2.79513801e+12 9.94015166e+11 1.08489742e+11 4.74287089e+10
  1.72344194e+09 1.44938944e+10 2.67389479e+11 1.99681187e+11]
 [1.78596979e+11 2.45348799e+09 2.21978822e+09 5.55582792e+10
  5.04596897e+11 2.22829443e+12 7.96979867e+12 4.06592530e+12
  1.45950438e+10 4.17980628e+12 2.23135153e+13 2.19892226e+13
  6.76437890e+12 3.18212506e+12 2.28446183e+11 8.36719786e+10
  9.44210252e+09 4.38695495e+10 4.83178085e+11 2.11605307e+11]
 [5.53267884e+11 6.15308850e+10 2.99220214e+10 3.77741432e+11
  3.66665894e+12 2.23726054e+13 6.13418445e+13 2.86195603e+13
  2.35779340e+12 3.87232491e+13 1.61483917e+14 1.40130579e+14
  5.48086889e+13 2.87221943e+13 2.60462836e+12 6.84364802e+11
  1.44150172e+11 3.91684588e+11 2.92856542e+12 6.50591946e+11]
 [2.31426288e+11 2.62645257e+11 1.16761795e+11 4.05173018e+11
  3.72392931e+12 2.45766143e+13 6.05760292e+13 3.73424626e+13
  1.80443025e+13 6.18397681e+13 1.52450745e+14 1.13676170e+14
  5.64076404e+13 3.63918251e+13 8.74867461e+12 1.53656311e+12
  2.36206993e+11 4.13514315e+11 2.34470220e+12 2.59213460e+11]
 [6.05123740e+10 6.75277405e+11 2.69448196e+11 2.55740158e+11
  5.65624867e+11 1.40881102e+12 1.57704684e+13 3.82158870e+13
  4.76593321e+13 7.37170172e+13 3.91738203e+13 5.37760664e+12
  8.17267572e+12 2.49684230e+13 1.82139148e+13 2.74766127e+12
  1.51421576e+11 4.32056543e+10 1.44347889e+11 5.08514392e+10]
 [6.97880370e+11 1.79006487e+12 4.34459793e+11 1.82848228e+12
  2.41090779e+13 1.63394296e+14 3.12070360e+14 1.43017860e+14
  5.81798186e+13 2.95165473e+14 7.36162280e+14 5.35206993e+14
  3.47868173e+14 1.94115854e+14 2.79504963e+13 5.73039915e+12
  1.82554815e+12 2.61054438e+12 1.12166264e+13 7.99921978e+11]
 [3.13192099e+12 3.85119434e+12 5.48359937e+11 5.69366894e+12
  9.16428564e+13 6.22460272e+14 1.07614661e+15 3.74011466e+14
  2.79869820e+13 8.10140488e+14 2.48964416e+15 1.87310452e+15
  1.29431396e+15 6.26796036e+14 3.49464817e+13 1.06991975e+13
  6.66393533e+12 9.78083271e+12 3.97658360e+13 3.69477379e+12]
 [5.66291097e+12 5.43762440e+12 6.07420337e+11 8.51015865e+12
  1.45014768e+14 9.78200555e+14 1.63446196e+15 5.35967219e+14
  2.04203334e+11 1.19086741e+15 3.74620143e+15 2.82743807e+15
  2.02426009e+15 9.50701466e+14 3.86605684e+13 1.42144411e+13
  1.05829206e+13 1.52983021e+13 6.05873328e+13 6.71181854e+12]
 [4.62348000e+12 4.88827863e+12 6.30907706e+11 6.98757164e+12
  1.17385037e+14 7.90404169e+14 1.32678059e+15 4.49032617e+14
  2.48869681e+13 9.98953486e+14 3.04144313e+15 2.28465712e+15
  1.63845420e+15 7.80247604e+14 3.95089699e+13 1.28465614e+13
  8.64303643e+12 1.23725141e+13 4.89715108e+13 5.46182173e+12]
 [1.53353815e+12 2.90451629e+12 5.90947407e+11 2.88382676e+12
  4.25009656e+13 2.85278241e+14 5.08270775e+14 2.11341980e+14
  7.26969880e+13 4.60668274e+14 1.17698814e+15 8.58544865e+14
  5.99966132e+14 3.16614144e+14 3.65196582e+13 8.21206401e+12
  3.26901674e+12 4.50961354e+12 1.82641429e+13 1.77259376e+12]
 [1.38922226e+11 1.39757932e+12 4.54158725e+11 4.77676124e+11
  2.19152974e+12 1.07556346e+13 4.00876672e+13 6.27727120e+13
  7.88653313e+13 1.32276252e+14 9.59743412e+13 3.53466837e+13
  3.12639002e+13 4.97742843e+13 2.87116160e+13 4.56756153e+12
  3.69779442e+11 2.05197902e+11 7.89790482e+11 1.27731215e+11]
 [2.03903883e+11 7.63927329e+11 2.64080745e+11 6.49013929e+11
  6.26081893e+12 4.14560629e+13 9.37320306e+13 6.23814386e+13
  4.19856023e+13 1.18498306e+14 2.27717011e+14 1.55933197e+14
  9.27603566e+13 6.45255570e+13 1.79919658e+13 3.07418826e+12
  5.00403788e+11 6.83998496e+11 3.23854047e+12 2.23290912e+11]
 [6.41485388e+11 3.57936722e+11 1.08902390e+11 1.04433667e+12
  1.17139247e+13 7.96149416e+13 1.82351425e+14 7.80402480e+13
  9.54487852e+12 1.27817998e+14 4.57894857e+14 3.68155635e+14
  1.77648678e+14 9.43316308e+13 8.39249464e+12 2.04889539e+12
  6.52068788e+11 1.31962985e+12 7.55479105e+12 7.52341509e+11]
 [8.08621183e+11 7.41224571e+10 2.81587596e+10 5.45405206e+11
  5.45991672e+12 3.34457071e+13 9.07819350e+13 3.96061282e+13
  3.39542187e+11 5.34501042e+13 2.38908622e+14 2.09479832e+14
  8.16274268e+13 4.15117446e+13 2.51485894e+12 8.16274568e+11
  2.10543040e+11 5.84382434e+11 4.37492555e+12 9.57674202e+11]
 [1.71434600e+11 2.39989267e+09 2.23802783e+09 5.33877516e+10
  4.83572630e+11 2.13472720e+12 7.64180935e+12 3.92222191e+12
  3.81691531e+10 4.03305058e+12 2.13958244e+13 2.10659445e+13
  6.48244606e+12 3.05753804e+12 2.29513695e+11 8.19320026e+10
  9.06396248e+09 4.20346416e+10 4.62917462e+11 2.02991987e+11]
 [1.04249429e+11 1.12390144e+09 9.84001957e+08 1.76766918e+10
  1.62249666e+11 3.24809253e+11 1.87604526e+12 1.35177537e+12
  1.37057281e+11 9.30612249e+11 5.72042311e+12 6.65607975e+12
  1.68099807e+12 6.23844708e+11 1.12896602e+11 3.84036724e+10
  1.06567623e+09 8.69435735e+09 1.60102718e+11 1.22112540e+11]
 [2.91927541e+11 2.20870920e+10 5.15210451e+09 3.42503836e+10
  2.88620414e+11 1.15984143e+11 1.77675694e+12 3.33779440e+12
  1.77440240e+12 1.22374498e+12 6.17426816e+12 8.37327841e+12
  2.17123509e+12 4.83497642e+11 6.08123611e+11 2.08824652e+11
  4.71114849e+09 7.61845266e+09 2.31296963e+11 3.15898871e+11]
 [3.32918452e+11 9.12219799e+10 7.99680593e+09 3.20085346e+10
  2.11283348e+11 5.52722168e+10 4.98988149e+11 3.51479609e+12
  3.69182488e+12 5.19664030e+11 2.15126221e+12 3.25989421e+12
  1.34218116e+12 3.71432195e+10 7.02633826e+11 3.81760092e+11
  1.31636372e+10 3.80138215e+09 1.09528444e+11 3.16980508e+11]]