[[2.34402026e+12 5.40766141e+11 4.37400182e+10 1.87121031e+11
  1.51336168e+12 4.57117108e+11 3.77717110e+12 2.21592901e+13
  2.05364300e+13 2.90082050e+12 1.40914474e+13 2.61175721e+13
  1.07703976e+13 2.51567511e+11 4.05739504e+12 2.08890126e+12
  7.95888761e+10 2.84537732e+10 9.05609376e+11 2.31335108e+12]
 [1.25153601e+12 1.69491664e+11 2.91816401e+10 4.03994050e+10
  1.73925111e+10 1.01164059e+11 5.37424412e+12 2.16754870e+13
  1.31870219e+13 3.13691766e+12 1.17300032e+12 3.22977160e+12
  4.34365656e+12 2.42797923e+12 4.83260559e+12 9.48574443e+11
  3.34471155e+09 8.33972291e+08 2.78168869e+11 1.15249594e+12]
 [1.03891412e+11 5.18400379e+09 5.95199839e+09 1.14148647e+10
  3.69820489e+10 9.36701642e+10 1.23072013e+12 3.01452621e+12
  1.77970988e+12 1.25980565e+12 1.68376929e+12 1.55863148e+12
  7.66579350e+11 7.94706609e+11 8.15581905e+11 1.32696271e+11
  5.02155340e+08 1.90012608e+09 5.31947088e+10 9.86425995e+10]
 [6.45520483e+10 4.17389799e+09 1.41244641e+10 5.12905125e+10
  2.52103746e+11 8.04595402e+11 2.59563801e+12 2.65207342e+12
  2.37839405e+12 6.05158691e+12 1.35026646e+13 8.83859523e+12
  2.20569562e+12 1.30201551e+12 9.08042015e+11 2.63433535e+11
  7.36380024e+09 2.01839809e+10 1.66920298e+11 7.14443495e+10]
 [1.65192551e+11 1.90378712e+10 1.73302160e+11 7.60587607e+11
  4.46997458e+12 1.79604060e+13 2.74497105e+13 2.99413600e+12
  1.68019218e+13 1.05505101e+14 2.34518938e+14 1.33357140e+14
  3.23375305e+13 6.35425251e+12 2.78890130e+12 2.91192943e+12
  2.56442964e+11 4.38536644e+11 2.13669083e+12 2.41521306e+11]
 [2.40270466e+11 2.16780116e+11 6.25135653e+11 2.22311706e+12
  1.51438562e+13 6.85782953e+13 9.29887300e+13 1.95536072e+13
  6.20439802e+13 3.66532556e+14 7.04183717e+14 3.73403628e+14
  1.15068286e+14 2.93317063e+13 1.23942369e+13 8.96882535e+12
  1.22728443e+12 1.56873334e+12 5.94645589e+12 3.30362948e+11]
 [5.10354665e+11 3.03227722e+12 1.44750298e+12 2.72489492e+12
  1.91050315e+13 1.01950051e+14 2.19613311e+14 1.97633982e+14
  2.20854471e+14 5.69937046e+14 7.80822421e+14 4.11745657e+14
  2.15231785e+14 1.71731970e+14 8.01875753e+13 1.64264163e+13
  1.95603039e+12 1.97781549e+12 7.74764641e+12 5.36960714e+11]
 [1.32857848e+12 1.09177584e+13 2.52176067e+12 1.57075244e+12
  5.47296571e+12 7.24368701e+13 3.90784398e+14 5.41255167e+14
  5.10397954e+14 5.49149822e+14 2.30018874e+14 1.59447270e+14
  2.89209536e+14 4.63078665e+14 2.11480114e+14 2.31696029e+13
  1.07261502e+12 5.97608292e+11 6.16825363e+12 1.24113808e+12]
 [2.48686587e+12 1.74252039e+13 3.48028265e+12 1.75085227e+12
  4.13440477e+12 8.82758331e+13 5.24031452e+14 7.26531610e+14
  7.19768690e+14 6.99799001e+14 1.82851448e+14 1.50897954e+14
  3.93438262e+14 6.55212430e+14 2.88419280e+14 3.10837206e+13
  1.23065673e+12 4.76481650e+11 7.40030223e+12 2.30533632e+12]
 [2.48576309e+12 1.33291720e+13 3.94101403e+12 5.73030860e+12
  4.81163332e+13 2.61970944e+14 5.47156749e+14 5.06446694e+14
  6.37178078e+14 1.38776078e+15 1.52441886e+15 7.86736977e+14
  5.81545983e+14 5.10780179e+14 2.13944754e+14 4.14218605e+13
  5.80411895e+12 4.70208583e+12 1.63109003e+13 2.54032094e+12]
 [1.36240574e+12 3.62435596e+12 3.80799281e+12 1.02465992e+13
  1.00463377e+14 4.53631475e+14 4.84094224e+14 1.27274065e+14
  3.93160260e+14 2.08642382e+15 3.12016956e+15 1.53342424e+15
  7.27139153e+14 2.09003192e+14 7.54529049e+13 4.78941279e+13
  1.10375923e+13 9.72222327e+12 2.58493426e+13 1.78487228e+12]
 [7.59425400e+11 7.01062549e+11 3.23908759e+12 1.00853933e+13
  9.72381970e+13 4.32395804e+14 4.07639339e+14 1.70348749e+13
  2.77758316e+14 1.97205333e+15 3.15503604e+15 1.54659685e+15
  6.55467184e+14 1.06056457e+14 3.16161832e+13 4.28518550e+13
  1.03895624e+13 9.52096654e+12 2.50566212e+13 1.14364669e+12]
 [7.24488593e+11 3.98405622e+12 2.41019534e+12 5.57750747e+12
  4.69977588e+13 2.28216262e+14 3.35038691e+14 1.91259158e+14
  3.05897619e+14 1.14214837e+15 1.67956597e+15 8.47089913e+14
  4.08687804e+14 2.07531719e+14 8.72360058e+13 2.86716916e+13
  5.00002829e+12 4.72475975e+12 1.47303487e+13 8.34892552e+11]
 [6.65323980e+11 4.59837864e+12 1.47790166e+12 1.55836806e+12
  8.31496716e+12 6.10787771e+13 2.35592352e+14 3.03034081e+14
  2.76945884e+14 4.06910668e+14 3.53913043e+14 2.04630905e+14
  1.83310581e+14 2.41765189e+14 1.16418219e+14 1.48814195e+13
  1.01453648e+12 8.78327686e+11 5.20682086e+12 6.41176315e+11]
 [6.83438813e+11 1.90021190e+12 6.69647565e+11 3.27232762e+11
  6.08151767e+09 1.24074857e+13 1.17947875e+14 1.97060444e+14
  1.46070664e+14 1.26338670e+14 1.25811447e+13 2.33239590e+13
  6.93150520e+13 1.31910197e+14 7.05365498e+13 6.54467121e+12
  1.05360919e+11 1.39984773e+10 1.66814207e+12 6.28390048e+11]
 [4.41163743e+11 2.41482271e+11 1.83288431e+11 2.63264089e+11
  1.07248423e+12 6.65946150e+12 3.34837660e+13 5.09129820e+13
  3.67546808e+13 5.18919536e+13 5.92098630e+13 3.79554796e+13
  2.22168321e+13 2.89972827e+13 1.74427345e+13 2.28778447e+12
  7.73264397e+10 1.07901036e+11 9.48998501e+11 4.27109684e+11]
 [5.68113592e+10 3.22707589e+09 1.40211636e+10 5.77287214e+10
  2.91936136e+11 9.00087889e+11 2.52841316e+12 2.02529888e+12
  2.14533658e+12 6.58585131e+12 1.55805484e+13 1.01087209e+13
  2.31208979e+12 1.08144264e+12 7.33782896e+11 2.71666415e+11
  8.38395694e+09 2.33323601e+10 1.83557501e+11 6.62387992e+10]
 [3.41813855e+10 2.10230211e+08 5.58288208e+09 4.24108238e+10
  2.40599723e+11 3.16372653e+11 9.81629230e+11 6.51528175e+10
  7.34675193e+11 2.93664704e+12 1.00646199e+13 7.70943560e+12
  1.18702696e+12 1.39344954e+11 9.62122602e+10 1.75399183e+11
  2.27669396e+09 1.18511115e+10 1.41294250e+11 5.17631752e+10]
 [5.01175565e+11 3.03652463e+10 2.73973132e+10 2.45182978e+11
  1.76140191e+12 5.06142234e+11 4.32676583e+12 3.58254177e+12
  6.17766346e+12 8.52993237e+12 4.11759856e+13 4.26148395e+13
  6.96440577e+12 6.80245003e+11 1.14375735e+12 1.27054599e+12
  3.32924729e+10 4.39793815e+10 9.19634215e+11 6.47884657e+11]
 [2.15381780e+12 4.74151859e+11 4.34478275e+10 2.23649572e+11
  1.96235071e+12 5.38543357e+11 3.69269551e+12 1.93643887e+13
  1.91023410e+13 3.23355933e+12 1.80590887e+13 3.25753398e+13
  1.13438948e+13 2.25677999e+11 3.60539587e+12 2.15664659e+12
  9.80037798e+10 3.66818844e+10 1.02909868e+12 2.18544148e+12]]