[[2.31335108e+12 4.76012046e+11 3.81628460e+10 1.84130243e+11
  1.70715799e+12 5.26059253e+11 3.93495663e+12 2.02523211e+13
  1.76783130e+13 2.69152831e+12 1.51871928e+13 3.03400948e+13
  1.17845438e+13 2.41480053e+11 3.52565738e+12 1.85176951e+12
  8.08816212e+10 3.26120478e+10 1.02880356e+12 2.34402026e+12]
 [1.15249594e+12 5.87873598e+10 1.30264510e+09 2.66746851e+10
  6.33581045e+11 3.81841174e+11 6.97577732e+12 1.15703679e+13
  1.75199481e+12 3.60171708e+11 1.02162534e+13 2.43100427e+13
  8.13724091e+12 1.87055184e+12 1.28033861e+12 2.60394335e+10
  5.06564016e+09 1.86825093e+10 8.01997312e+11 1.25153601e+12]
 [9.86425995e+10 2.92630662e+09 2.66203780e+09 1.02298105e+10
  7.80218301e+10 1.81719327e+11 1.44797703e+12 2.07483168e+12
  8.07154346e+11 7.67288570e+11 2.76456884e+12 3.43665602e+12
  1.11376434e+12 6.75467502e+11 4.20404876e+11 6.28975249e+10
  5.60326634e+08 4.24845483e+09 9.42353649e+10 1.03891412e+11]
 [7.14443495e+10 9.25627538e+09 2.50124737e+10 5.42013439e+10
  1.57164718e+11 3.58129592e+11 1.90226903e+12 5.01356897e+12
  4.94326534e+12 7.90727251e+12 1.03338475e+13 4.25258627e+12
  1.16676698e+12 1.77659463e+12 2.04006161e+12 4.22566729e+11
  6.96833438e+09 1.13978296e+10 7.52687523e+10 6.45520483e+10]
 [2.41521306e+11 3.89940405e+11 5.00258279e+11 8.30431878e+11
  1.95457814e+12 1.54795104e+12 8.11740531e+12 5.90759351e+13
  8.50114910e+13 1.63349226e+14 1.51472674e+14 2.63570985e+13
  1.63895779e+12 2.14874563e+13 3.23587752e+13 6.65936568e+12
  2.34874582e+11 1.51920219e+11 1.04318620e+11 1.65192551e+11]
 [3.30362948e+11 2.27992266e+12 1.69630403e+12 2.41882074e+12
  6.90616260e+12 8.61784639e+12 3.42128095e+13 1.72249044e+14
  2.73176418e+14 5.57010765e+14 4.63377504e+14 8.48076398e+13
  1.30624821e+13 7.97221321e+13 9.86297042e+13 1.96668699e+13
  1.12798642e+12 5.78122274e+11 5.65402247e+11 2.40270466e+11]
 [5.36960714e+11 4.65322286e+12 2.06530746e+12 2.82658926e+12
  1.41461642e+13 6.51043161e+13 1.87834673e+14 2.74205428e+14
  3.39882426e+14 6.79120313e+14 6.55288342e+14 2.67550959e+14
  1.55128638e+14 2.00786287e+14 1.25569669e+14 2.21846147e+13
  1.88565681e+12 1.38618287e+12 5.04876135e+12 5.10354665e+11]
 [1.24113808e+12 4.86728064e+12 6.10140869e+11 1.27626231e+12
  2.15624398e+13 1.90837762e+14 4.84254331e+14 3.26884756e+14
  1.44531547e+14 2.14317205e+14 5.89382563e+14 5.63071263e+14
  4.78872609e+14 3.73696022e+14 8.02721506e+13 5.88089487e+12
  1.32011472e+12 2.46996254e+12 1.38359606e+13 1.32857848e+12]
 [2.30533632e+12 6.83017997e+12 4.79916194e+11 1.30612551e+12
  3.03243970e+13 2.78159877e+14 6.65714430e+14 4.11041480e+14
  1.45659366e+14 1.78266125e+14 7.17799078e+14 7.45654919e+14
  6.95417245e+14 5.15764576e+14 9.15317209e+13 4.23793037e+12
  1.64968690e+12 3.45537584e+12 1.88797039e+13 2.48686587e+12]
 [2.54032094e+12 1.61706251e+13 4.70576833e+12 5.84168381e+12
  4.13109083e+13 2.13093739e+14 5.11678631e+14 5.84370012e+14
  7.83658223e+14 1.52012500e+15 1.39168075e+15 6.39681356e+14
  5.03999237e+14 5.46196001e+14 2.63017156e+14 4.82455634e+13
  5.69345993e+12 3.93792999e+12 1.34447984e+13 2.48576309e+12]
 [1.78487228e+12 2.56270360e+13 9.72983736e+12 1.11090288e+13
  4.77658391e+13 7.51527736e+13 2.09370825e+14 7.30670194e+14
  1.52742346e+15 3.11138091e+15 2.09231729e+15 3.94704867e+14
  1.26659000e+14 4.83244207e+14 4.55443105e+14 1.00733201e+14
  1.01807086e+13 3.80501286e+12 3.65579612e+12 1.36240574e+12]
 [1.14364669e+12 2.31262490e+13 9.58959495e+12 1.10266918e+13
  4.18050555e+13 3.04915595e+13 1.07756371e+14 6.84794102e+14
  1.49290505e+15 3.07591795e+15 2.02277806e+15 2.87747797e+14
  1.63053412e+13 4.01208611e+14 4.48343909e+14 9.96730438e+13
  9.50265273e+12 3.21590690e+12 7.59580972e+11 7.59425400e+11]
 [8.34892552e+11 1.16235073e+13 4.82384373e+12 5.94933644e+12
  2.66828754e+13 7.87209907e+13 2.17021732e+14 4.61927414e+14
  7.67847672e+14 1.56491456e+15 1.22582638e+15 3.37466397e+14
  1.69215515e+14 3.20387985e+14 2.52901736e+14 5.05007511e+13
  4.68753035e+12 2.36068881e+12 5.04895260e+12 7.24488593e+11]
 [6.41176315e+11 3.12720748e+12 9.17181979e+11 1.46607023e+12
  1.28156379e+13 9.45199865e+13 2.64434661e+14 2.33537794e+14
  1.68916046e+14 3.07815875e+14 4.67847842e+14 3.35502092e+14
  2.37860230e+14 2.15395475e+14 7.52294062e+13 9.65527549e+12
  1.07840758e+12 1.41529378e+12 7.65633042e+12 6.65323980e+11]
 [6.28390048e+11 6.39580108e+11 1.51368450e+10 2.07652905e+11
  5.03951875e+12 4.90448226e+13 1.53861436e+14 1.03759706e+14
  1.70634539e+13 9.95171126e+12 1.59719776e+14 1.99663340e+14
  1.31643154e+14 1.01120384e+14 1.78445183e+13 7.89788382e+09
  1.66034492e+11 6.19286664e+11 4.95610069e+12 6.83438813e+11]
 [4.27109684e+11 1.73189707e+11 1.23087517e+11 2.50403987e+11
  1.53563251e+12 9.68141071e+12 3.70433337e+13 4.05869004e+13
  2.41955692e+13 4.12413829e+13 7.45007864e+13 5.76569010e+13
  2.78692179e+13 2.62108760e+13 1.19981707e+13 1.59778642e+12
  8.12977259e+10 1.60674389e+11 1.32320977e+12 4.41163743e+11]
 [6.62387992e+10 1.01788626e+10 2.89140208e+10 6.17102201e+10
  1.62076463e+11 2.89402213e+11 1.58000794e+12 5.25540401e+12
  5.65362348e+12 9.12409856e+12 1.12461713e+13 3.83587777e+12
  8.91020527e+11 1.73058231e+12 2.28218399e+12 4.89332269e+11
  7.84303011e+09 1.13144706e+10 5.81945165e+10 5.68113592e+10]
 [5.17631752e+10 7.77277115e+09 1.66031650e+10 4.63803647e+10
  1.03129991e+11 2.14369973e+10 2.53890292e+11 3.21281958e+12
  3.99241548e+12 4.58641684e+12 6.44429788e+12 1.41867276e+12
  2.40717379e+10 5.38756639e+11 1.41992498e+12 4.09201964e+11
  2.08183931e+09 3.98498467e+09 3.82158683e+09 3.41813855e+10]
 [6.47884657e+11 1.94352688e+11 6.86947596e+10 2.65513549e+11
  8.48635403e+11 9.03722930e+10 1.95439797e+12 1.85513602e+13
  2.31164884e+13 1.26431552e+13 2.77801204e+13 1.13884139e+13
  1.34492966e+12 1.50596802e+12 6.40576751e+12 2.63710673e+12
  3.07432434e+10 1.75401573e+10 1.43681674e+11 5.01175565e+11]
 [2.18544148e+12 5.40921264e+11 4.91985754e+10 2.26733441e+11
  1.76252297e+12 4.67455557e+11 3.52999930e+12 2.13307074e+13
  2.20494098e+13 3.44936522e+12 1.69292409e+13 2.82214016e+13
  1.02981858e+13 2.36079405e+11 4.15368256e+12 2.40115847e+12
  9.66708011e+10 3.23941938e+10 9.02070382e+11 2.15381780e+12]]