[[6.65647080e+09 4.03696777e+07 6.51736338e+07 1.21939564e+09
  1.64276387e+10 4.44360370e+09 1.79955414e+10 1.61466815e+10
  8.13067917e+09 1.23903912e+10 1.35485991e+11 2.84136464e+11
  7.39445607e+10 5.00385621e+08 4.34670308e+06 4.81890356e+09
  6.10386507e+08 3.16576542e+08 8.01616570e+09 8.63297416e+09]
 [3.32432297e+11 1.06734029e+09 5.03831534e+09 8.65391844e+10
  8.07780942e+11 2.79774339e+11 2.82477628e+12 1.32321812e+12
  5.03076887e+11 2.54225145e+12 1.72925788e+13 2.19372165e+13
  4.27765515e+12 4.27623651e+11 4.49074607e+08 2.89929055e+11
  1.25662359e+10 2.10144748e+10 5.27127788e+11 4.31141294e+11]
 [8.60072225e+10 1.06263891e+08 2.90255563e+09 3.64778439e+10
  2.62643497e+11 4.28457480e+11 1.87069635e+12 6.00700962e+11
  2.08878242e+11 2.20133066e+12 1.00893192e+13 9.54087527e+12
  1.91116681e+12 4.46553762e+11 2.43885633e+08 1.07087340e+11
  2.07363683e+09 1.34975964e+10 2.01614961e+11 1.11545315e+11]
 [1.13809955e+11 2.41062159e+08 9.68011382e+09 9.02921715e+10
  6.12277786e+11 2.18933801e+12 6.01639377e+12 1.52125098e+12
  5.55119495e+11 8.35815630e+12 2.98095887e+13 2.34781549e+13
  5.76322372e+12 1.79104201e+12 7.04029047e+08 2.46033020e+11
  1.42061070e+10 5.08906889e+10 4.53722551e+11 1.47603502e+11]
 [4.34288768e+11 6.06172663e+09 1.00160354e+11 7.46514502e+11
  5.58964958e+12 2.77314496e+13 5.78002746e+13 1.24483013e+13
  5.08675271e+12 8.97717659e+13 2.69186532e+14 1.88750202e+14
  5.86776021e+13 1.96789735e+13 6.33666170e+09 1.99637115e+12
  2.66967297e+11 5.72025170e+11 3.46679557e+12 5.63241967e+11]
 [2.44386470e+11 1.60754808e+10 1.56445225e+11 9.97251408e+11
  8.72734140e+12 4.83016638e+13 8.37806814e+13 1.61589227e+13
  7.50668983e+12 1.40936666e+14 3.72133791e+14 2.42712397e+14
  9.29559613e+13 3.12404858e+13 8.81039056e+09 2.71712506e+12
  5.85975202e+11 9.42573948e+11 4.37613283e+12 3.16952052e+11]
 [1.71441819e+10 3.00020520e+09 2.14340082e+10 1.23097774e+11
  1.24797703e+12 7.05069959e+12 1.07603773e+13 1.92486806e+12
  1.00528743e+12 1.91903349e+13 4.60830092e+13 2.88070464e+13
  1.30106007e+13 4.27886111e+12 1.10139103e+09 3.47407842e+11
  9.86497828e+10 1.33724856e+11 5.21381161e+11 2.22347974e+10]
 [1.60142306e+11 3.18294929e+10 1.88500021e+11 1.01316856e+12
  1.15086264e+13 6.43957934e+13 8.99542513e+13 1.53163928e+13
  8.78256467e+12 1.67267576e+14 3.74947898e+14 2.29183821e+14
  1.16691832e+14 3.74134927e+13 9.05054527e+09 2.96464758e+12
  9.86094821e+11 1.20283370e+12 4.21011533e+12 2.07693300e+11]
 [1.41352359e+12 2.36975706e+11 1.25789972e+12 6.50528105e+12
  7.96487286e+13 4.39089280e+14 5.79734674e+14 9.58383366e+13
  5.85942847e+13 1.10771372e+15 2.37306609e+15 1.43584763e+15
  7.89943866e+14 2.48169688e+14 5.77423775e+10 1.95726020e+13
  7.09824731e+12 8.13644101e+12 2.67984437e+13 1.83324062e+12]
 [3.32665348e+12 4.97664846e+11 2.51066181e+12 1.27572163e+13
  1.62066518e+14 8.85044897e+14 1.13675466e+15 1.85359780e+14
  1.17066866e+14 2.20146115e+15 4.61093245e+15 2.78000145e+15
  1.58846506e+15 4.93547322e+14 1.12695942e+11 3.89571389e+13
  1.46786873e+13 1.63439081e+13 5.23933929e+13 4.31443544e+12]
 [3.32665348e+12 4.97664846e+11 2.51066181e+12 1.27572163e+13
  1.62066518e+14 8.85044897e+14 1.13675466e+15 1.85359780e+14
  1.17066866e+14 2.20146115e+15 4.61093245e+15 2.78000145e+15
  1.58846506e+15 4.93547322e+14 1.12695942e+11 3.89571389e+13
  1.46786873e+13 1.63439081e+13 5.23933929e+13 4.31443544e+12]
 [1.41352359e+12 2.36975706e+11 1.25789972e+12 6.50528105e+12
  7.96487286e+13 4.39089280e+14 5.79734674e+14 9.58383366e+13
  5.85942847e+13 1.10771372e+15 2.37306609e+15 1.43584763e+15
  7.89943866e+14 2.48169688e+14 5.77423775e+10 1.95726020e+13
  7.09824731e+12 8.13644101e+12 2.67984437e+13 1.83324062e+12]
 [1.60142306e+11 3.18294929e+10 1.88500021e+11 1.01316856e+12
  1.15086264e+13 6.43957934e+13 8.99542513e+13 1.53163928e+13
  8.78256467e+12 1.67267576e+14 3.74947898e+14 2.29183821e+14
  1.16691832e+14 3.74134927e+13 9.05054527e+09 2.96464758e+12
  9.86094821e+11 1.20283370e+12 4.21011533e+12 2.07693300e+11]
 [1.71441819e+10 3.00020520e+09 2.14340082e+10 1.23097774e+11
  1.24797703e+12 7.05069959e+12 1.07603773e+13 1.92486806e+12
  1.00528743e+12 1.91903349e+13 4.60830092e+13 2.88070464e+13
  1.30106007e+13 4.27886111e+12 1.10139103e+09 3.47407842e+11
  9.86497828e+10 1.33724856e+11 5.21381161e+11 2.22347974e+10]
 [2.44386470e+11 1.60754808e+10 1.56445225e+11 9.97251408e+11
  8.72734140e+12 4.83016638e+13 8.37806814e+13 1.61589227e+13
  7.50668983e+12 1.40936666e+14 3.72133791e+14 2.42712397e+14
  9.29559613e+13 3.12404858e+13 8.81039056e+09 2.71712506e+12
  5.85975202e+11 9.42573948e+11 4.37613283e+12 3.16952052e+11]
 [4.34288768e+11 6.06172663e+09 1.00160354e+11 7.46514502e+11
  5.58964958e+12 2.77314496e+13 5.78002746e+13 1.24483013e+13
  5.08675271e+12 8.97717659e+13 2.69186532e+14 1.88750202e+14
  5.86776021e+13 1.96789735e+13 6.33666170e+09 1.99637115e+12
  2.66967297e+11 5.72025170e+11 3.46679557e+12 5.63241967e+11]
 [1.13809955e+11 2.41062159e+08 9.68011382e+09 9.02921715e+10
  6.12277786e+11 2.18933801e+12 6.01639377e+12 1.52125098e+12
  5.55119495e+11 8.35815630e+12 2.98095887e+13 2.34781549e+13
  5.76322372e+12 1.79104201e+12 7.04029047e+08 2.46033020e+11
  1.42061070e+10 5.08906889e+10 4.53722551e+11 1.47603502e+11]
 [8.60072225e+10 1.06263891e+08 2.90255563e+09 3.64778439e+10
  2.62643497e+11 4.28457480e+11 1.87069635e+12 6.00700962e+11
  2.08878242e+11 2.20133066e+12 1.00893192e+13 9.54087527e+12
  1.91116681e+12 4.46553762e+11 2.43885633e+08 1.07087340e+11
  2.07363683e+09 1.34975964e+10 2.01614961e+11 1.11545315e+11]
 [3.32432297e+11 1.06734029e+09 5.03831534e+09 8.65391844e+10
  8.07780942e+11 2.79774339e+11 2.82477628e+12 1.32321812e+12
  5.03076887e+11 2.54225145e+12 1.72925788e+13 2.19372165e+13
  4.27765515e+12 4.27623651e+11 4.49074607e+08 2.89929055e+11
  1.25662359e+10 2.10144748e+10 5.27127788e+11 4.31141294e+11]
 [6.65647080e+09 4.03696777e+07 6.51736338e+07 1.21939564e+09
  1.64276387e+10 4.44360370e+09 1.79955414e+10 1.61466815e+10
  8.13067917e+09 1.23903912e+10 1.35485991e+11 2.84136464e+11
  7.39445607e+10 5.00385621e+08 4.34670308e+06 4.81890356e+09
  6.10386507e+08 3.16576542e+08 8.01616570e+09 8.63297416e+09]]