[[2.43897793e+12 5.12120208e+11 4.43852759e+10 2.26593075e+11
  2.06581166e+12 5.96770070e+11 4.19927510e+12 2.14156647e+13
  1.98798732e+13 3.26438922e+12 1.86556418e+13 3.54009033e+13
  1.28375239e+13 2.54058426e+11 3.84332311e+12 2.18907273e+12
  9.97894627e+10 3.90321743e+10 1.15025621e+12 2.48278099e+12]
 [9.46949743e+11 2.83019963e+10 9.89763876e+09 1.48127769e+11
  1.48276857e+12 5.68261368e+11 6.91576192e+12 6.75592321e+12
  2.00395142e+12 4.31954656e+12 3.07538965e+13 4.25903287e+13
  9.53595485e+12 1.37855803e+12 6.37516502e+11 5.17739570e+11
  2.17489463e+10 3.92696852e+10 1.10045634e+12 1.12969267e+12]
 [8.67430294e+10 6.35509338e+08 1.56202573e+09 2.25673237e+10
  1.81345711e+11 3.28110736e+11 1.67763234e+12 9.38108409e+11
  1.46265241e+11 1.28796123e+12 6.69058061e+12 6.99701769e+12
  1.58790342e+12 4.94430087e+11 5.97148506e+10 5.88709532e+10
  1.31575460e+09 9.51102661e+09 1.58286661e+11 1.05509318e+11]
 [9.08791269e+10 5.48948198e+09 1.21880162e+10 3.81954254e+10
  2.03307366e+11 7.86853870e+11 3.31749969e+12 3.86183122e+12
  2.39415430e+12 4.60171453e+12 1.03718432e+13 7.91886539e+12
  2.52318047e+12 1.89419012e+12 1.09704196e+12 2.14535074e+11
  5.50295916e+09 1.68052900e+10 1.71700493e+11 9.63468177e+10]
 [4.59936918e+11 3.38152364e+11 2.85593635e+11 3.48101055e+11
  7.60141764e+11 3.50709765e+12 2.92669199e+13 6.49023249e+13
  5.62128379e+13 7.66713100e+13 5.66044346e+13 1.92856229e+13
  1.57606325e+13 3.26539253e+13 2.53580968e+13 3.54535852e+12
  9.36085006e+10 6.58106033e+10 5.44312529e+11 4.10790349e+11]
 [6.10117863e+11 2.38444259e+12 1.17312128e+12 1.03405631e+12
  1.05048942e+12 3.27447894e+12 8.76048794e+13 2.18228091e+14
  2.21869873e+14 2.95230257e+14 1.22987163e+14 3.36065061e+12
  3.97782594e+13 1.27472703e+14 9.43262700e+13 1.24817707e+13
  4.21477750e+11 5.54421165e+10 6.27009825e+11 5.16492713e+11]
 [6.64293929e+11 5.21153937e+12 1.93519384e+12 2.23865811e+12
  1.07223610e+13 6.19575944e+13 2.28101924e+14 3.24943160e+14
  3.42786941e+14 5.71413404e+14 4.92052093e+14 2.25813223e+14
  1.76090422e+14 2.46720375e+14 1.35937361e+14 2.00161659e+13
  1.45671491e+12 1.07589378e+12 5.13130077e+12 6.29337412e+11]
 [1.08938320e+12 3.93001261e+12 1.40792481e+12 3.91580507e+12
  4.22127099e+13 2.59334201e+14 4.78349625e+14 2.53256180e+14
  1.93618833e+14 7.27417970e+14 1.37101002e+15 8.76602065e+14
  5.35611796e+14 3.10610260e+14 7.18605131e+13 1.69602338e+13
  3.69752660e+12 4.45457578e+12 1.75756083e+13 1.23301474e+12]
 [1.89349981e+12 1.10418832e+12 7.08353488e+11 5.42450215e+12
  7.61556652e+13 4.66347402e+14 7.07276007e+14 1.76071332e+14
  1.44030092e+13 8.43198965e+14 2.16664601e+15 1.46222140e+15
  9.03376120e+14 3.56781536e+14 4.43534031e+12 1.27352105e+13
  6.13075216e+12 7.95221937e+12 2.91306947e+13 2.33523953e+12]
 [2.71852956e+12 7.23081574e+12 2.21758420e+12 5.93739282e+12
  7.19954123e+13 4.31845063e+14 7.29206592e+14 3.64133573e+14
  3.02642974e+14 1.14686850e+15 2.03911867e+15 1.28873386e+15
  8.81741539e+14 4.90729470e+14 1.04908318e+14 2.64871719e+13
  6.64034892e+12 7.33376625e+12 2.64891972e+13 3.08392959e+12]
 [2.97468347e+12 1.97968830e+13 5.19551041e+12 5.36858991e+12
  3.27272475e+13 1.83206754e+14 5.59181013e+14 7.18008106e+14
  9.13705429e+14 1.50947668e+15 1.15010803e+15 5.14440225e+14
  5.02101055e+14 6.55219833e+14 3.18370922e+14 5.15084942e+13
  5.03091991e+12 3.09806054e+12 1.21170066e+13 2.82522373e+12]
 [2.28739997e+12 2.27590743e+13 6.10795110e+12 4.37481080e+12
  6.31380275e+12 1.99257664e+13 3.93466240e+14 8.38231010e+14
  1.12127278e+15 1.50350272e+15 5.10808584e+14 1.49210084e+13
  2.20124384e+14 6.56111403e+14 4.00255442e+14 5.82299758e+13
  3.31415075e+12 3.20998768e+11 2.52677189e+12 1.93741513e+12]
 [1.22713099e+12 1.29079642e+13 3.90552110e+12 3.41117547e+12
  1.10628628e+13 5.72439503e+13 3.28051232e+14 5.79900734e+14
  7.05722738e+14 1.03518597e+15 5.63451046e+14 1.63536040e+14
  2.24067048e+14 4.49901895e+14 2.63362548e+14 3.82309152e+13
  2.48974500e+12 9.72320723e+11 4.67454338e+12 1.09389463e+12]
 [6.28957002e+11 3.18370745e+12 1.25466319e+12 2.38557600e+12
  1.88165339e+13 1.14979280e+14 2.71183700e+14 2.26575271e+14
  2.02324425e+14 4.86802233e+14 7.29888104e+14 4.40585380e+14
  2.59326342e+14 2.08547187e+14 8.00937310e+13 1.40433188e+13
  1.74624875e+12 2.00357889e+12 8.95972770e+12 6.65026385e+11]
 [5.09064262e+11 2.04688024e+11 1.76639787e+11 1.27283291e+12
  1.24060997e+13 7.61440209e+13 1.54898302e+14 5.25643692e+13
  1.14526484e+13 1.70568921e+14 5.08286727e+14 3.66383393e+14
  1.59081793e+14 7.15599794e+13 4.70937471e+12 3.11016426e+12
  7.66498371e+11 1.36723874e+12 7.07342320e+12 6.18553067e+11]
 [3.97008500e+11 5.01251325e+10 6.20324754e+10 4.10736322e+11
  3.30877108e+12 1.81676421e+13 4.55355958e+13 2.01805861e+13
  6.24770816e+12 4.88459284e+13 1.54271090e+14 1.18214454e+14
  4.21507909e+13 2.03118303e+13 2.77160225e+12 1.13245878e+12
  1.48691484e+11 3.44782075e+11 2.33388572e+12 4.74345695e+11]
 [9.26441999e+10 6.71545372e+09 1.45005877e+10 3.73845671e+10
  1.73427075e+11 6.62972910e+11 3.13625188e+12 4.44678786e+12
  2.97777017e+12 4.87899933e+12 9.21423073e+12 6.60178091e+12
  2.24575308e+12 2.01441835e+12 1.36563398e+12 2.46362800e+11
  5.18923448e+09 1.41488672e+10 1.46632139e+11 9.45641600e+10]
 [1.02638680e+11 7.07569051e+09 9.82537719e+09 1.86635466e+10
  2.86017973e+10 3.92021650e+10 1.00604767e+12 3.69070196e+12
  2.76321128e+12 2.15824686e+12 2.02151455e+12 6.18807306e+11
  4.91568101e+11 8.51649760e+11 1.16850587e+12 2.23957352e+11
  7.70037877e+08 1.11495255e+09 2.55413593e+10 8.94553063e+10]
 [1.11805092e+12 2.08446774e+11 4.98430980e+10 1.22336361e+11
  1.74498929e+11 4.28893051e+10 4.09161080e+12 2.36417215e+13
  1.95565867e+13 7.11853712e+12 8.46778396e+12 1.74912404e+12
  2.70223802e+12 2.33120005e+12 6.32327460e+12 1.76245852e+12
  1.25392317e+10 2.86604923e+09 1.33918828e+11 9.56886891e+11]
 [2.48234890e+12 5.98374244e+11 5.09265053e+10 2.21992498e+11
  1.72900228e+12 4.91137028e+11 3.97151682e+12 2.40240924e+13
  2.34710779e+13 3.43708166e+12 1.64452243e+13 2.87043804e+13
  1.13421052e+13 2.68170090e+11 4.54000613e+12 2.45097132e+12
  9.41264014e+10 3.20897632e+10 9.64186854e+11 2.43897793e+12]]