[[2.01191506e+11 3.28890490e+10 2.09280386e+09 1.10901924e+10
  1.34502117e+11 4.85044851e+10 3.59700975e+11 1.55629868e+12
  1.03857786e+12 1.49510911e+11 1.08000455e+12 2.67981727e+12
  1.10276350e+12 2.02597822e+10 2.29861376e+11 1.00251842e+11
  5.14433308e+09 2.68838550e+09 9.59900625e+10 2.09511135e+11]
 [1.19689922e+12 6.14902701e+10 1.53735664e+09 2.83825815e+10
  6.59328683e+11 3.96215285e+11 7.23919876e+12 1.20488587e+13
  1.87958451e+12 4.07825784e+11 1.06696965e+13 2.52404742e+13
  8.44198362e+12 1.94385411e+12 1.34510537e+12 3.41628823e+10
  5.33654735e+09 1.94214154e+10 8.32062622e+11 1.29920561e+12]
 [2.51991141e+11 4.83598669e+09 3.65256521e+08 8.77692955e+09
  1.72996306e+11 4.95500660e+11 3.91309434e+12 4.40146288e+12
  5.51636961e+11 1.89567087e+11 4.94909434e+12 8.94205205e+12
  3.08235688e+12 1.64754583e+12 5.66421118e+11 1.47427452e+09
  6.74819752e+08 1.01100997e+10 2.60042215e+11 2.74005763e+11]
 [2.97934091e+11 9.76124823e+09 9.42066401e+08 1.91183144e+10
  3.59918207e+11 2.26333118e+12 1.12492656e+13 9.94378745e+12
  1.28252663e+12 5.97262704e+11 1.30224296e+13 1.96635929e+13
  8.30987152e+12 5.90204070e+12 1.45095372e+12 5.32450164e+08
  4.09532220e+09 3.40395114e+10 5.23175130e+11 3.24040060e+11]
 [1.01721125e+12 2.21176158e+11 1.10214510e+10 1.45105191e+11
  2.94570073e+12 2.56298027e+13 9.66279078e+13 7.29966666e+13
  1.08960404e+13 6.48751831e+12 1.05800015e+14 1.41408821e+14
  7.56242244e+13 5.80574371e+13 1.18212435e+13 3.46057111e+10
  6.98683338e+10 3.42662243e+11 3.57322025e+12 1.10589257e+12]
 [4.70337204e+11 5.04917083e+11 3.40916404e+10 1.86562349e+11
  3.82936627e+12 3.64776195e+13 1.14532876e+14 7.92488418e+13
  1.63336286e+13 1.48876504e+13 1.24662134e+14 1.49172149e+14
  9.77752767e+13 7.60446368e+13 1.45594919e+13 2.71001095e+11
  1.38303967e+11 4.66928281e+11 3.68203565e+12 5.09935300e+11]
 [9.62367387e+09 1.34657899e+11 6.97024370e+10 9.09464595e+10
  3.39549486e+11 8.12734160e+11 2.51932507e+12 6.89567766e+12
  1.10913804e+13 2.27883825e+13 1.83836746e+13 4.45704084e+12
  1.66980751e+12 4.11265078e+12 3.82711100e+12 7.52863136e+11
  5.85535536e+10 2.99068532e+10 5.61383230e+10 7.96683253e+09]
 [7.03225586e+11 2.34206234e+12 1.25954610e+11 4.69648432e+11
  1.16108540e+13 1.10600431e+14 2.79790944e+14 1.73160677e+14
  4.84999567e+13 5.06907036e+13 2.92647755e+14 3.21091190e+14
  2.78941754e+14 2.08299139e+14 3.55782974e+13 1.01457413e+12
  5.58790865e+11 1.36466087e+12 8.05144359e+12 7.61194958e+11]
 [4.39922174e+12 1.15262495e+13 2.01520814e+11 1.69969547e+12
  5.58232550e+13 5.39017383e+14 1.28736274e+15 7.47650279e+14
  1.69445999e+14 1.11989739e+14 1.24245409e+15 1.42919232e+15
  1.35215473e+15 9.73120207e+14 1.43890639e+14 6.34452008e+11
  2.48473433e+12 6.47910962e+12 3.66850944e+13 4.78185689e+12]
 [9.07724628e+12 2.10118728e+13 2.57836352e+11 2.81898333e+12
  9.93105722e+13 9.53653298e+14 2.21537274e+15 1.26306921e+15
  2.82396402e+14 1.64976919e+14 2.10012256e+15 2.42686560e+15
  2.38722181e+15 1.69529138e+15 2.42223529e+14 1.20712705e+11
  4.41372918e+12 1.13953310e+13 6.29680487e+13 9.87243585e+12]
 [8.17195429e+12 1.89580258e+13 2.50902998e+11 2.55832062e+12
  8.94609224e+13 8.58325509e+14 1.99399018e+15 1.13803664e+15
  2.57088475e+14 1.54497749e+14 1.89393173e+15 2.18466936e+15
  2.14847433e+15 1.52650742e+15 2.18857404e+14 3.04088171e+11
  3.99160952e+12 1.02618871e+13 5.66711876e+13 8.88671487e+12]
 [3.00711084e+12 7.98689062e+12 1.88949207e+11 1.21865822e+12
  3.83047922e+13 3.67859577e+14 8.78765340e+14 5.13693007e+14
  1.23603583e+14 9.29073348e+13 8.58410886e+14 9.76481998e+14
  9.22472882e+14 6.65977113e+14 1.00563229e+14 9.67872588e+11
  1.74599852e+12 4.43705087e+12 2.50291675e+13 3.26606647e+12]
 [2.16401214e+11 8.74670966e+11 1.20139584e+11 2.38394135e+11
  3.79752515e+12 3.31191422e+13 8.40942525e+13 5.77491360e+13
  2.72905237e+13 4.17963830e+13 1.05348247e+14 9.80467182e+13
  8.30181772e+13 6.53716584e+13 1.46160287e+13 1.17046202e+12
  2.42014942e+11 4.32834921e+11 2.39912413e+12 2.31119575e+11]
 [1.34510451e+11 4.66094646e+11 7.12868817e+10 1.58273847e+11
  2.36981417e+12 2.11412189e+13 5.86141437e+13 4.16514679e+13
  1.69088137e+13 2.52335973e+13 7.35456743e+13 7.16369941e+13
  5.40150298e+13 4.32822503e+13 9.93988770e+12 7.09089525e+11
  1.34492239e+11 2.78148595e+11 1.73347985e+12 1.43948945e+11]
 [8.27478013e+11 8.61184659e+11 3.64116973e+10 2.95985407e+11
  6.67769862e+12 6.44157612e+13 2.02152577e+14 1.37781902e+14
  2.50483249e+13 1.84902923e+13 2.14025785e+14 2.62724349e+14
  1.72802621e+14 1.33416816e+14 2.43691706e+13 2.02318766e+11
  2.28795680e+11 8.17955451e+11 6.50639069e+12 8.98805624e+11]
 [1.23961110e+12 2.68252450e+11 1.15419570e+10 1.73808768e+11
  3.58497446e+12 3.12506473e+13 1.17810610e+14 8.87979550e+13
  1.29654096e+13 7.29165605e+12 1.28452127e+14 1.72353401e+14
  9.22204093e+13 7.07216904e+13 1.42936150e+13 1.69221287e+10
  8.43154516e+10 4.17312966e+11 4.35728261e+12 1.34805112e+12]
 [2.91696019e+11 9.56087063e+09 9.36682159e+08 1.87467261e+10
  3.52423321e+11 2.21583529e+12 1.10132711e+13 9.73710790e+12
  1.25835544e+12 5.89249331e+11 1.27539411e+13 1.92516137e+13
  8.13540360e+12 5.77867423e+12 1.42155300e+12 7.65708181e+08
  4.01303875e+09 3.33286721e+10 5.12191979e+11 3.17247778e+11]
 [1.95813178e+11 3.78337840e+09 3.46017382e+08 6.98796349e+09
  1.34683488e+11 3.84733276e+11 3.03865453e+12 3.42890400e+12
  4.43252820e+11 1.64416326e+11 3.86618424e+12 6.94697093e+12
  2.39289593e+12 1.28100187e+12 4.45050214e+11 2.68415444e+09
  5.31689638e+08 7.86337177e+09 2.01882765e+11 2.12836772e+11]
 [5.92198231e+11 3.20467060e+10 1.44435367e+09 1.65632711e+10
  3.31174877e+11 1.94787930e+11 3.56200020e+12 6.08269156e+12
  1.15261985e+12 3.26936545e+11 5.50081343e+12 1.24654932e+13
  4.14441078e+12 9.66345855e+11 7.22728751e+11 4.32851387e+10
  2.92103130e+09 9.68006894e+09 4.08595350e+11 6.40781078e+11]
 [4.79110198e+10 1.87913535e+10 2.07757425e+09 8.98190723e+09
  5.00200833e+10 8.00483592e+09 6.31473005e+10 6.34677116e+11
  8.89843566e+11 1.44520197e+11 5.67335966e+11 5.85169126e+11
  1.62327863e+11 5.77977063e+09 1.53600793e+11 1.02171236e+11
  3.65903023e+09 8.30647142e+08 1.44678429e+10 4.26127273e+10]]