[[8.78255964e+11 1.78691983e+11 1.30345405e+10 5.71942063e+10
  5.36440423e+11 1.80597084e+11 1.46686371e+12 7.71982331e+12
  6.31439695e+12 8.60456186e+11 4.68482609e+12 1.00221048e+13
  4.27200799e+12 9.21223551e+10 1.30559868e+12 6.17458178e+11
  2.49340253e+10 1.04011979e+10 3.60188881e+11 8.83291900e+11]
 [3.76594979e+11 3.72159679e+10 6.65895083e+09 2.43460587e+10
  1.81748549e+11 9.21444094e+10 1.98611020e+12 5.22418438e+12
  2.78351813e+12 1.06986200e+12 3.83022432e+12 5.93771922e+12
  2.10633261e+12 6.69960269e+11 1.03030573e+12 2.36818930e+11
  3.11855560e+09 4.94589070e+09 1.96135020e+11 3.80383412e+11]
 [2.41246523e+10 3.12083532e+09 8.53748072e+09 3.18065563e+10
  1.10761602e+11 9.04499838e+10 2.85724818e+11 1.21037030e+12
  1.85314655e+12 2.78172957e+12 5.58073148e+12 2.66862719e+12
  2.78991571e+11 2.14584126e+11 5.97401563e+11 2.22193735e+11
  1.53312089e+09 4.95625434e+09 3.68481240e+10 2.15817882e+10]
 [1.13283083e+10 8.70075461e+09 4.14329487e+10 1.17623014e+11
  3.69076058e+11 5.15180518e+11 1.67040737e+11 3.04151368e+12
  6.90352843e+12 1.57459518e+13 2.42410908e+13 8.51258643e+12
  4.70218714e+11 5.10776657e+11 2.25189179e+12 7.51564968e+11
  1.56499181e+10 2.60949820e+10 8.03403367e+10 5.57074746e+09]
 [3.84829398e+10 2.93624654e+11 5.87570069e+11 1.33675861e+12
  4.60853835e+12 8.63490677e+12 4.57980701e+11 3.23125963e+13
  8.63273499e+13 2.32417584e+14 3.00364171e+14 9.24962655e+13
  5.37226379e+12 6.42947047e+12 2.74197816e+13 8.36915163e+12
  4.04147516e+11 4.00094436e+11 7.93601705e+11 7.86224001e+09]
 [1.02653378e+11 1.32025208e+12 1.44150452e+12 2.77411657e+12
  1.13883130e+13 2.67828011e+13 1.58714871e+13 7.95974108e+13
  2.03338138e+14 5.67338228e+14 6.49396673e+14 1.96634783e+14
  2.44353373e+13 2.78038001e+13 6.28146165e+13 1.78036586e+13
  1.37958223e+12 1.05400755e+12 1.92743517e+12 7.72712909e+10]
 [2.06343264e+11 1.93647516e+12 1.04407311e+12 1.67770923e+12
  9.04105229e+12 3.67862389e+13 7.73329579e+13 1.07222537e+14
  1.59113969e+14 3.80893018e+14 4.12982756e+14 1.64096191e+14
  7.22159781e+13 7.64781872e+13 5.43289553e+13 1.16428991e+13
  1.14700551e+12 8.82250503e+11 2.68781355e+12 2.01055048e+11]
 [4.37758412e+11 2.13199285e+12 1.93489687e+11 1.53067408e+10
  2.76338423e+12 4.42748518e+13 1.54204401e+14 1.32770197e+14
  6.27483389e+13 9.40565964e+12 4.58281907e+13 1.09358471e+14
  1.36326925e+14 1.38573499e+14 3.60172269e+13 1.25024598e+12
  3.74745227e+10 3.75693433e+11 3.46429292e+12 4.46453075e+11]
 [6.44221453e+11 6.73746084e+12 2.95298521e+12 4.36158650e+12
  2.74594977e+13 9.76955405e+13 1.55388172e+14 2.21285155e+14
  4.35765624e+14 1.07968288e+15 1.03284038e+15 3.68481777e+14
  1.69688746e+14 1.72386864e+14 1.28760503e+14 3.18915036e+13
  4.05112538e+12 2.51635935e+12 5.69871023e+12 6.18901925e+11]
 [4.82824106e+11 1.63742381e+13 9.42537990e+12 1.44952178e+13
  8.60157565e+13 1.94587561e+14 6.91127535e+13 3.57447641e+14
  1.28732061e+15 3.61901174e+15 3.28158107e+15 9.07226007e+14
  1.52618233e+14 1.61748669e+14 3.23889768e+14 1.04118677e+14
  1.41121804e+13 7.41661020e+12 9.00969705e+12 3.39932121e+11]
 [2.46745101e+11 2.11526210e+13 1.29479883e+13 2.00878642e+13
  1.17447400e+14 2.41502038e+14 5.24755099e+12 4.20898997e+14
  1.74592390e+15 5.01180706e+15 4.52353721e+15 1.19616334e+15
  1.25343016e+14 1.39290652e+14 4.28210297e+14 1.43591215e+14
  1.95398344e+13 1.00454520e+13 1.04876402e+13 4.02383608e+10]
 [2.81191446e+11 1.49719654e+13 9.34020449e+12 1.46824770e+13
  8.33634229e+13 1.81928890e+14 3.75145883e+13 3.40013477e+14
  1.26647305e+15 3.61594109e+15 3.34606067e+15 9.08559979e+14
  1.20600623e+14 1.31519089e+14 3.22200298e+14 1.03662045e+14
  1.35498593e+13 7.25258822e+12 8.43448569e+12 1.58048459e+11]
 [3.10805986e+11 5.54595603e+12 3.14791266e+12 4.97698129e+12
  2.76968361e+13 8.24063788e+13 9.77491469e+13 1.91339090e+14
  4.47083088e+14 1.19155722e+15 1.17399559e+15 3.75447957e+14
  1.13944037e+14 1.19555888e+14 1.29605486e+14 3.48059377e+13
  4.11060889e+12 2.53691479e+12 4.79095505e+12 2.85291562e+11]
 [2.38910819e+11 1.16537014e+12 2.39068955e+11 2.33167054e+11
  2.56218676e+12 2.67818085e+13 9.35153839e+13 8.95847151e+13
  5.36966398e+13 5.58974745e+13 8.07236365e+13 8.39512804e+13
  7.81960508e+13 8.16900068e+13 2.70378190e+13 2.22039798e+12
  1.70578805e+11 3.06493461e+11 2.29412287e+12 2.42398380e+11]
 [1.95787359e+11 4.91376831e+11 2.62760053e+11 4.26391091e+11
  2.29887634e+12 1.30333654e+13 4.11483195e+13 4.98931321e+13
  4.54196946e+13 8.85080926e+13 1.11129598e+14 6.11683162e+13
  3.30066826e+13 3.54376144e+13 1.90182713e+13 3.01942438e+12
  2.16031340e+11 2.39856136e+11 1.26452769e+12 1.95501512e+11]
 [9.64796268e+10 1.84099185e+11 3.23118113e+11 7.20909271e+11
  2.56852427e+12 5.86867265e+12 6.56883937e+12 2.42937798e+13
  4.88284450e+13 1.25538966e+14 1.63922945e+14 5.55797376e+13
  7.26826096e+12 8.11454777e+12 1.63816184e+13 4.56266709e+12
  2.18385127e+11 2.26954016e+11 6.09573566e+11 8.14869369e+10]
 [9.70156488e+09 9.16694362e+09 4.41685047e+10 1.25595624e+11
  3.92993311e+11 5.38555075e+11 9.89602263e+10 3.14639914e+12
  7.34153301e+12 1.68110159e+13 2.58582862e+13 9.00407294e+12
  4.50286983e+11 4.94361789e+11 2.38315442e+12 8.01774989e+11
  1.67079263e+10 2.77436601e+10 8.29182041e+10 3.50565552e+09]
 [9.47475156e+09 5.56978385e+09 1.83122531e+10 7.01897018e+10
  2.33023294e+11 1.44962881e+11 3.34634153e+10 1.70392318e+12
  3.81716848e+12 6.12453817e+12 1.21034602e+13 5.04873599e+12
  2.00225517e+11 1.65812604e+11 1.13927477e+12 4.82626779e+11
  3.37350125e+09 1.01671807e+10 5.04987927e+10 2.98426902e+09]
 [2.18903085e+11 1.05717967e+11 5.39106954e+10 2.77935169e+11
  1.22893437e+12 1.91274570e+11 9.25299321e+11 8.25188685e+12
  1.59567973e+13 1.18209182e+13 3.49641309e+13 2.11781244e+13
  1.61536520e+12 5.39895201e+11 3.80897179e+12 2.20043281e+12
  3.41774862e+10 2.75393867e+10 2.95527490e+11 1.80199256e+11]
 [8.38283994e+11 2.11491013e+11 2.07722035e+10 1.02428500e+11
  8.06034697e+11 2.00528521e+11 1.38131289e+12 8.18752658e+12
  9.00960146e+12 1.52377607e+12 7.77279997e+12 1.25209960e+13
  4.16456985e+12 9.01956771e+10 1.64607209e+12 1.03061788e+12
  4.40321879e+10 1.47099251e+10 3.79323051e+11 8.32548929e+11]]