[[2.43897793e+12 5.06801906e+11 4.30395183e+10 2.17763059e+11
  2.00306034e+12 5.88631920e+11 4.19465004e+12 2.13273423e+13
  1.94292569e+13 3.14111003e+12 1.79947783e+13 3.46756827e+13
  1.27762653e+13 2.53904858e+11 3.78804656e+12 2.11563023e+12
  9.59545437e+10 3.79702088e+10 1.13840255e+12 2.48234890e+12]
 [9.56886891e+11 2.83019963e+10 4.47670148e+09 1.00002662e+11
  1.17719839e+12 4.99624179e+11 6.69772305e+12 7.19805714e+12
  9.48815153e+11 2.60004721e+12 2.31835154e+13 3.60522234e+13
  8.87538922e+12 1.42412029e+12 5.42809707e+11 2.61253435e+11
  1.53396314e+10 3.19102743e+10 9.86324332e+11 1.11805092e+12]
 [8.94553063e+10 1.40506171e+09 1.56202573e+09 1.56870612e+10
  1.31680885e+11 2.60354107e+11 1.55172899e+12 1.33048336e+12
  3.20456126e+11 9.21198063e+11 4.73614481e+12 5.33581725e+12
  1.36358816e+12 5.52158436e+11 1.75944832e+11 4.86447427e+10
  9.16145963e+08 7.01321950e+09 1.28622644e+11 1.02638680e+11]
 [9.45641600e+10 8.13123072e+09 1.75336159e+10 3.81954254e+10
  1.46980300e+11 5.38602763e+11 2.94310293e+12 5.10461998e+12
  3.69225583e+12 5.39593004e+12 8.33150637e+12 5.32427523e+12
  1.95634299e+12 2.14661991e+12 1.68097602e+12 2.90691880e+11
  5.07907118e+09 1.17013451e+10 1.21101144e+11 9.26441999e+10]
 [4.74345695e+11 4.25927949e+11 3.93308268e+11 4.81503360e+11
  7.60141764e+11 1.53834938e+12 2.59478764e+13 7.70033257e+13
  7.53584472e+13 1.07454278e+14 7.01276369e+13 9.80075144e+12
  1.10466354e+13 3.56449706e+13 3.27321468e+13 4.92940533e+12
  1.26838146e+11 5.43789372e+10 2.74662255e+11 3.97008500e+11]
 [6.18553067e+11 2.71201168e+12 1.47842372e+12 1.51067032e+12
  2.39488442e+12 3.27447894e+12 8.34683096e+13 2.38134136e+14
  2.68040521e+14 4.02055844e+14 2.15636508e+14 1.56545740e+13
  3.51148065e+13 1.32799135e+14 1.09510775e+14 1.61114280e+13
  6.45822147e+11 1.63355577e+11 5.33863858e+11 5.09064262e+11]
 [6.65026385e+11 5.38119676e+12 2.09221055e+12 2.52344134e+12
  1.20938791e+13 6.50281239e+13 2.28101924e+14 3.30381920e+14
  3.63688664e+14 6.34820190e+14 5.59703621e+14 2.45103003e+14
  1.77845495e+14 2.47935646e+14 1.41617488e+14 2.18496135e+13
  1.65084444e+12 1.20151229e+12 5.30089367e+12 6.28957002e+11]
 [1.09389463e+12 3.68861526e+12 9.92711476e+11 2.96244938e+12
  3.55790219e+13 2.37656005e+14 4.70475014e+14 2.53256180e+14
  1.48237826e+14 5.24988456e+14 1.11102751e+15 7.78553656e+14
  5.13064067e+14 3.13706077e+14 6.34358580e+13 1.18874367e+13
  2.86686995e+12 3.82529989e+12 1.63581274e+13 1.22713099e+12]
 [1.93741513e+12 2.33210836e+12 3.23312571e+11 3.51738767e+12
  5.68075143e+13 3.86017899e+14 6.66627812e+14 2.29973191e+14
  1.44030092e+13 4.97999158e+14 1.54217549e+15 1.16159896e+15
  8.02333019e+14 3.87259101e+14 2.06606908e+13 6.47190052e+12
  4.12203141e+12 6.06423925e+12 2.46587981e+13 2.28739997e+12]
 [2.82522373e+12 1.20127993e+13 3.10048683e+12 5.06348054e+12
  5.13705240e+13 3.17104528e+14 6.56372352e+14 5.04539294e+14
  5.12427055e+14 1.14686850e+15 1.51374046e+15 9.17295099e+14
  7.14538256e+14 5.58199152e+14 1.83938412e+14 3.28151458e+13
  5.33406728e+12 5.19144466e+12 1.99686148e+13 2.97468347e+12]
 [3.08392959e+12 2.62613879e+13 7.33950979e+12 6.68332594e+12
  2.64162236e+13 1.04491021e+14 4.91592654e+14 8.86023340e+14
  1.28369063e+15 2.03337504e+15 1.15010803e+15 3.03831965e+14
  3.62373859e+14 7.27926184e+14 4.33569686e+14 7.21887766e+13
  5.89921251e+12 2.21584883e+12 7.29354081e+12 2.71852956e+12]
 [2.33523953e+12 2.68864543e+13 8.00954004e+12 6.50671431e+12
  1.24241105e+13 4.27757020e+12 3.62500169e+14 9.43794982e+14
  1.41145878e+15 2.11231354e+15 8.64887546e+14 1.49210084e+13
  1.68530921e+14 6.96118351e+14 4.83547747e+14 7.80626049e+13
  5.11107091e+12 7.03284121e+11 1.19635607e+12 1.89349981e+12]
 [1.23301474e+12 1.38686610e+13 4.54799367e+12 4.39954106e+12
  1.57837846e+13 6.48462837e+13 3.24813850e+14 6.05385748e+14
  7.94599068e+14 1.27742142e+15 7.80711293e+14 2.13600387e+14
  2.24067048e+14 4.57432162e+14 2.87385609e+14 4.53590471e+13
  3.29097813e+12 1.37900538e+12 4.98046370e+12 1.08938320e+12]
 [6.29337412e+11 3.08185025e+12 1.12348773e+12 2.10504640e+12
  1.72375985e+13 1.10367584e+14 2.69854477e+14 2.24339307e+14
  1.86401350e+14 4.27962316e+14 6.56985794e+14 4.15264289e+14
  2.55057301e+14 2.08547187e+14 7.63118264e+13 1.24507226e+13
  1.54917567e+12 1.85321383e+12 8.67724704e+12 6.64293929e+11]
 [5.16492713e+11 2.40400994e+11 5.99507150e+10 8.30678774e+11
  9.61119593e+12 6.55860711e+13 1.48685496e+14 5.95452267e+13
  2.45860091e+12 9.72830985e+13 3.73235766e+14 3.03272940e+14
  1.45783871e+14 7.51063894e+13 4.70937471e+12 1.36423896e+12
  5.24669391e+11 1.08489660e+12 6.21906302e+12 6.10117863e+11]
 [4.10790349e+11 9.93355917e+10 7.50730860e+10 3.03129717e+11
  2.37975556e+12 1.40747513e+13 4.17146071e+13 2.87923687e+13
  1.22940515e+13 3.94266266e+13 1.10076274e+14 8.81808237e+13
  3.55268335e+13 2.29099561e+13 6.31864249e+12 1.13245878e+12
  1.07495953e+11 2.50357224e+11 1.85291661e+12 4.59936918e+11]
 [9.63468177e+10 9.52135276e+09 2.08255188e+10 4.05045999e+10
  1.27991846e+11 4.32670715e+11 2.76744724e+12 5.73521530e+12
  4.42887719e+12 6.07383751e+12 7.85800762e+12 4.28076571e+12
  1.69899412e+12 2.27067568e+12 1.99507773e+12 3.40776089e+11
  5.18923448e+09 9.83520016e+09 9.89929462e+10 9.08791269e+10]
 [1.05509318e+11 8.70754468e+09 1.33247539e+10 2.68042957e+10
  3.46145333e+10 1.33050309e+10 9.00865049e+11 4.29783599e+12
  3.62348208e+12 3.04887733e+12 2.82635457e+12 2.82441160e+11
  3.46598975e+11 9.20750455e+11 1.47260715e+12 3.08425214e+11
  1.10777244e+09 1.11495255e+09 1.15523554e+10 8.67430294e+10]
 [1.12969267e+12 2.32567084e+11 6.13383248e+10 1.73451816e+11
  3.45813637e+11 5.03724223e+10 3.96070681e+12 2.54012961e+13
  2.31031925e+13 9.44303529e+12 1.40678165e+13 3.69424918e+12
  2.53625557e+12 2.40709035e+12 7.19195113e+12 2.21994705e+12
  1.85735898e+10 6.33661190e+09 1.33918828e+11 9.46949743e+11]
 [2.48278099e+12 6.04604842e+11 5.23508375e+10 2.30864650e+11
  1.78902328e+12 4.98303878e+11 3.97391890e+12 2.41392812e+13
  2.39619611e+13 3.56330948e+12 1.70906502e+13 2.93701115e+13
  1.13890760e+13 2.68465776e+11 4.60277413e+12 2.52775467e+12
  9.79431074e+10 3.30931444e+10 9.74304885e+11 2.43897793e+12]]