[[1.42334234e+12 2.97266169e+11 2.65264104e+10 1.39792537e+11
  1.28258930e+12 3.63315712e+11 2.47682454e+12 1.24005775e+13
  1.17125090e+13 1.99298469e+12 1.15942831e+13 2.17741345e+13
  7.66841803e+12 1.47667571e+11 2.23924288e+12 1.31834577e+12
  6.17928537e+10 2.41800812e+10 6.95970385e+11 1.45581131e+12]
 [8.66563415e+11 2.95645370e+10 1.65494707e+10 1.95460199e+11
  1.72081798e+12 5.99623682e+11 6.60809300e+12 6.02278179e+12
  3.47722913e+12 6.15429046e+12 3.72936240e+13 4.66218614e+13
  9.49747353e+12 1.23668346e+12 8.12751094e+11 8.16565183e+11
  2.77913106e+10 4.46421706e+10 1.13912133e+12 1.05548721e+12]
 [9.69564123e+10 1.62836113e+08 3.30383461e+09 4.09166873e+10
  2.94059437e+11 4.79796643e+11 2.10077099e+12 6.96033245e+11
  2.49986365e+11 2.47496474e+12 1.13004342e+13 1.06813215e+13
  2.14254498e+12 5.05458817e+11 7.39008870e+09 1.21082646e+11
  2.32439456e+09 1.51108067e+10 2.25830909e+11 1.25460032e+11]
 [8.85461203e+10 8.10759447e+08 8.20747573e+09 6.70105575e+10
  4.46308120e+11 1.59879414e+12 4.51510504e+12 1.48838705e+12
  6.78121366e+11 6.34267714e+12 2.18099718e+13 1.71017043e+13
  4.25440136e+12 1.44609953e+12 1.31636045e+11 1.96733417e+11
  1.04742382e+10 3.70645953e+10 3.32167162e+11 1.12425986e+11]
 [3.05600475e+11 8.87929641e+10 1.08218447e+11 3.80895160e+11
  2.45338642e+12 1.23711580e+13 3.20836976e+13 2.22138909e+13
  1.57494240e+13 5.38947707e+13 1.22088019e+14 8.23144841e+13
  2.86876446e+13 1.69672495e+13 6.36846618e+12 1.63744767e+12
  1.29235332e+11 2.49179748e+11 1.58076569e+12 3.46695600e+11]
 [2.78171084e+11 8.73723838e+11 4.03007870e+11 3.98927114e+11
  1.11606410e+12 7.50211607e+12 4.78527617e+13 8.50395902e+13
  7.70797888e+13 1.04848196e+14 6.83625507e+13 2.84327725e+13
  2.96190220e+13 5.44575766e+13 3.37762445e+13 4.30103625e+12
  1.75942890e+11 1.08645431e+11 8.44474914e+11 2.54156313e+11]
 [3.27825171e+11 2.60423613e+12 9.01480457e+11 9.04159020e+11
  3.74838519e+12 2.42632904e+13 1.08413122e+14 1.63456559e+14
  1.65640367e+14 2.46238907e+14 1.79451860e+14 8.15904702e+13
  7.86702032e+13 1.23111360e+14 6.73598992e+13 9.10756350e+12
  5.67575196e+11 3.74736783e+11 2.10740237e+12 3.05854600e+11]
 [8.46822749e+11 3.09478690e+12 1.46505396e+12 4.06527860e+12
  4.07661394e+13 2.31157068e+14 3.87535417e+14 1.90141218e+14
  1.84984503e+14 7.70544093e+14 1.36431394e+15 8.07569495e+14
  4.51808728e+14 2.36945092e+14 5.99798222e+13 1.79547551e+13
  3.78665990e+12 4.23448616e+12 1.53866687e+13 9.77562756e+11]
 [2.03650602e+12 1.17941306e+12 1.93248180e+12 9.05322363e+12
  1.09404529e+14 6.03928291e+14 8.13394331e+14 1.64345080e+14
  1.19968630e+14 1.56689112e+15 3.26841805e+15 1.97123856e+15
  1.09507088e+15 3.67521933e+14 1.47894096e+13 2.87772379e+13
  9.83137670e+12 1.11692950e+13 3.69259362e+13 2.60022694e+12]
 [2.90320941e+12 7.47080083e+11 2.23371657e+12 1.10221480e+13
  1.39503470e+14 7.62114925e+14 9.84445904e+14 1.70794682e+14
  1.14788517e+14 1.91098907e+15 3.97203414e+15 2.39261465e+15
  1.37089607e+15 4.34250609e+14 5.19933840e+12 3.42029515e+13
  1.26649898e+13 1.40660590e+13 4.51394144e+13 3.74811890e+12]
 [2.34420267e+12 4.34817565e+12 2.31409289e+12 7.56808705e+12
  8.94865719e+13 4.92351423e+14 7.03734376e+14 2.46020161e+14
  2.43829947e+14 1.42027917e+15 2.58482398e+15 1.53049929e+15
  9.22824610e+14 3.92857172e+14 6.52763016e+13 3.00670887e+13
  8.48691546e+12 8.99331781e+12 2.94443038e+13 2.82120347e+12]
 [1.17689455e+12 7.38511868e+12 2.07822074e+12 2.67896318e+12
  2.04451051e+13 1.19577086e+14 2.95295702e+14 3.05104797e+14
  3.53712423e+14 6.73316171e+14 6.84653145e+14 3.59782845e+14
  2.88661607e+14 2.92196596e+14 1.26189108e+14 2.12572473e+13
  2.51948526e+12 2.03003710e+12 7.87319670e+12 1.17486464e+12]
 [5.46214649e+11 5.66762540e+12 1.53246583e+12 1.00091067e+12
  1.08975711e+12 1.18965113e+13 1.39393391e+14 2.59578239e+14
  2.93128310e+14 3.54048240e+14 1.04200782e+14 1.36262846e+13
  8.41073974e+13 2.01892828e+14 1.13876198e+14 1.44388490e+13
  6.51261379e+11 6.40881853e+10 1.29809676e+12 4.79110293e+11]
 [4.04941229e+11 2.02311425e+12 8.83112457e+11 1.79631925e+12
  1.40581468e+13 8.17898871e+13 1.79540957e+14 1.42545838e+14
  1.35978123e+14 3.60741396e+14 5.50570623e+14 3.20722458e+14
  1.76909568e+14 1.32717512e+14 5.16432554e+13 1.00948365e+13
  1.31920443e+12 1.48574561e+12 6.28822528e+12 4.33724373e+11]
 [4.98701169e+11 2.49065035e+11 3.76112135e+11 1.84890022e+12
  1.55800046e+13 8.65629133e+13 1.58953924e+14 4.98233434e+13
  3.26448228e+13 2.73549716e+14 6.69583100e+14 4.32630184e+14
  1.70427264e+14 6.85278222e+13 8.55444530e+12 5.85010219e+12
  1.07161571e+12 1.67967165e+12 7.88426260e+12 6.19827644e+11]
 [4.42929665e+11 6.25213679e+09 1.02184374e+11 7.61248395e+11
  5.69964284e+12 2.82773144e+13 5.89432143e+13 1.27070914e+13
  5.19801197e+12 9.15502646e+13 2.74486843e+14 1.92463995e+14
  5.98346835e+13 2.00730955e+13 1.17180807e+10 2.03628439e+12
  2.72230644e+11 5.83279934e+11 3.53506408e+12 5.74407606e+11]
 [8.46941872e+10 1.16208985e+09 8.26989366e+09 6.20866126e+10
  4.08248806e+11 1.46438782e+12 4.21586565e+12 1.61273520e+12
  8.01366748e+11 5.96743355e+12 2.00036360e+13 1.56352339e+13
  3.92696711e+12 1.41584451e+12 2.07228643e+11 1.91472500e+11
  9.65980955e+09 3.38832257e+10 3.04791336e+11 1.06038914e+11]
 [6.22672066e+10 2.00841814e+09 3.52686827e+09 1.72109647e+10
  9.95054837e+10 1.66341373e+11 9.91987474e+11 1.28117049e+12
  8.02621294e+11 1.29722580e+12 4.01483428e+12 3.57968345e+12
  8.48592962e+11 4.15565708e+11 3.19448481e+11 9.37949321e+10
  9.07715081e+08 5.05554951e+09 8.08667736e+10 6.79402247e+10]
 [4.93167946e+11 8.11891660e+10 1.76276267e+10 3.88416365e+10
  5.44404117e+10 2.96141421e+10 1.94543115e+12 9.61230902e+12
  7.18391594e+12 2.36647639e+12 2.51842535e+12 1.14837651e+12
  1.43196516e+12 9.96954352e+11 2.41295213e+12 6.10821188e+11
  3.88291073e+09 1.04466050e+09 8.36167480e+10 4.36342575e+11]
 [1.32869352e+12 3.21984247e+11 2.67029627e+10 1.11855494e+11
  8.53586305e+11 2.48707711e+11 2.10079657e+12 1.29550685e+13
  1.24708835e+13 1.75928371e+12 8.14515271e+12 1.43180803e+13
  5.90344701e+12 1.44116419e+11 2.43531750e+12 1.27505562e+12
  4.70915585e+10 1.58657514e+10 4.92773864e+11 1.29886963e+12]]